   0.0000000000000000          1.0000000000000000          1.0000000000000000          0.0000000000000000          0.0000000000000000          0.0000000000000000          0.0000000000000000     
   1.0000000000000000         0.38519714916775522         0.38519714916788628         0.57293556411189495          1.1458711282234921          4.1867286720349894E-002     8.3734573440735607E-002
   2.0000000000000000         0.14837684372696586         0.14837684372713356         0.72731924628565581          1.4546384925709317         0.12430390998737839         0.24860781997480227     
   3.0000000000000000          5.7154337206136760E-002     5.7154337206431566E-002    0.72815235123338140          1.4563047024660922         0.21469331156048199         0.42938662312104608     
   4.0000000000000000          2.2015687754376449E-002     2.2015687754683270E-002    0.67662441743254231          1.3532488348643987         0.30135989481308134         0.60271978962623818     
   5.0000000000000000          8.4803801599532685E-003     8.4803801603516218E-003    0.61092795601984662          1.2218559120388166         0.38059166382020015         0.76118332764048524     
   6.0000000000000000          3.2666182614727885E-003     3.2666182617591085E-003    0.54508010334173185          1.0901602066829439         0.45165327839679537         0.90330655679354221     
   7.0000000000000000          1.2582920417386473E-003     1.2582920418763226E-003    0.48386609034636563         0.96773218069264100         0.51487561761189582          1.0297512352236109     
   8.0000000000000000          4.8469050729820108E-004     4.8469050742633573E-004    0.42858612149941339         0.85717224299878370         0.57092918799328851          1.1418583759863663     
   9.0000000000000000          1.8670140163993998E-004     1.8670140174141688E-004    0.37926082994902677         0.75852165989817788         0.62055246864933333          1.2411049372983427     
   10.000000000000000          7.1916847657329020E-005     7.1916847729377764E-005    0.33547353842945216         0.67094707685911570         0.66445454472289045          1.3289090894454292     
   11.000000000000000          2.7702164694734874E-005     2.7702164744143271E-005    0.29668826350354738         0.59337652700746946         0.70328403433175790          1.4065680686630457     
   12.000000000000000          1.0670794866187504E-005     1.0670794927368013E-005    0.26236652207981320         0.52473304416006639         0.73762280712532058          1.4752456142500823     
   13.000000000000000          4.1103597618093490E-006     4.1103597885453138E-006    0.23200729542551629         0.46401459085157570         0.76798859421472199          1.5359771884288500     
   14.000000000000000          1.5832988623028135E-006     1.5832988714680981E-006    0.20515797576508626         0.41031595153063971         0.79484044093605144          1.5896808818716202     
   15.000000000000000          6.0988220803959468E-007     6.0988221412550089E-007    0.18141465018182612         0.36282930036403971         0.81858473993596581          1.6371694798715339     
   16.000000000000000          2.3492488786498751E-007     2.3492490529510611E-007    0.16041873243517854         0.32083746487083187         0.83958103263993356          1.6791620652793589     
   17.000000000000000          9.0492397074147701E-008     9.0492406993968604E-008    0.14185259048331850         0.28370518096703168         0.85814731902428443          1.7162946380481543     
   18.000000000000000          3.4857413374318181E-008     3.4857417451703563E-008    0.12543514305083200         0.25087028610201562         0.87456482209175468          1.7491296441831510     
   19.000000000000000          1.3426976259149385E-008     1.3426978540202587E-008    0.11091775897902102         0.22183551795841600         0.88908222759400268          1.7781644551876292     
   20.000000000000000          5.1720329769674699E-009     5.1720340848858121E-009     9.8080551490619686E-002    0.19616110298150702         0.90191944333734730          1.8038388866744279     
   21.000000000000000          1.9922523581294863E-009     1.9922527705590456E-009     8.6729070650322204E-002    0.17345814130069875         0.91327092735742543          1.8265418547147987     
   22.000000000000000          7.6740992877421526E-010     7.6741017879816790E-010     7.6691366805182307E-002    0.15338273361030391         0.92330863242740779          1.8466172648548793     
   23.000000000000000          2.9560411680685763E-010     2.9560421082920698E-010     6.7815389337622323E-002    0.13563077867513423         0.93218461036677358          1.8643692207336622     
   24.000000000000000          1.1386586307625359E-010     1.1386589848680078E-010     5.9966684723036061E-002    0.11993336944584143         0.94003331516309807          1.8800666303264313     
   25.000000000000000          4.3860805844498973E-011     4.3860830659464520E-011     5.3026360330059703E-002    0.10605272065999859         0.94697363962607950          1.8939472792522847     
   26.000000000000000          1.6895057371501409E-011     1.6895067826305443E-011     4.6889283622857818E-002     9.3778567245622405E-002    0.95311071636024713          1.9062214327205933     
   27.000000000000000          6.5079279345280056E-012     6.5079319094049139E-012     4.1462489680881162E-002     8.2924979361632692E-002    0.95853751031261092          1.9170750206253575     
   28.000000000000000          2.5068352873693838E-012     2.5068367302701337E-012     3.6663772987834832E-002     7.3327545975513622E-002    0.96333622700965837          1.9266724540194788     
   29.000000000000000          9.6562580612781637E-013     9.6562630853853419E-013     3.2420442186957575E-002     6.4840884373597280E-002    0.96757955781207683          1.9351591156244790     
   30.000000000000000          3.7195630768325142E-013     3.7195651158462804E-013     2.8668218950633692E-002     5.7336437900929661E-002    0.97133178104899431          1.9426635620983352     
   31.000000000000000          1.4327650933455274E-013     1.4327658386725039E-013     2.5350264288595992E-002     5.0700528576845254E-002    0.97464973571126068          1.9492994714228782     
   32.000000000000000          5.5189702938376950E-014     5.5189732008991014E-014     2.2416317546800759E-002     4.4832635093311222E-002    0.97758368245314409          1.9551673649065882     
   33.000000000000000          2.1258916235278070E-014     2.1258930769243086E-014     1.9821935055092058E-002     3.9643870110056344E-002    0.98017806494488668          1.9603561298899117     
   34.000000000000000          8.1888739282252146E-015     8.1888792771913499E-015     1.7527816890870605E-002     3.5055633781568458E-002    0.98247218310912121          1.9649443662184276     
   35.000000000000000          3.1543308920465075E-015     3.1543328595708222E-015     1.5499211560621350E-002     3.0998423121064291E-002    0.98450078843937550          1.9690015768789428     
   36.000000000000000          1.2150392671480961E-015     1.2150400009744394E-015     1.3705389581401857E-002     2.7410779162645699E-002    0.98629461041859690          1.9725892208373663     
   37.000000000000000          4.6802966183232479E-016     4.6802995386414181E-016     1.2119177988074025E-002     2.4238355975986958E-002    0.98788082201192551          1.9757616440240273     
   38.000000000000000          1.8028369146376121E-016     1.8028379014301792E-016     1.0716548714961083E-002     2.1433097429756104E-002    0.98928345128503870          1.9785669025702604     
   39.000000000000000          6.9444763993279938E-017     6.9444801784464713E-017     9.4762546167030462E-003     1.8952509233296562E-002    0.99052374538329691          1.9810474907667222     
   40.000000000000000          2.6749925114838992E-017     2.6749942904139486E-017     8.3795076147247603E-003     1.6759015229446950E-002    0.99162049238527517          1.9832409847705734     
   41.000000000000000          1.0303994894686910E-017     1.0304003591911832E-017     7.4096940938528262E-003     1.4819388187847064E-002    0.99259030590614716          1.9851806118121729     
   42.000000000000000          3.9690694584724986E-018     3.9690723802661012E-018     6.5521232378855862E-003     1.3104246475956363E-002    0.99344787676211443          1.9868957535240648     
   43.000000000000000          1.5288742402524116E-018     1.5288759010415571E-018     5.7938044918825742E-003     1.1587608984047116E-002    0.99420619550811740          1.9884123910159752     
   44.000000000000000          5.8891799878124618E-019     5.8891884832291689E-019     5.1232507801534204E-003     1.0246501560684622E-002    0.99487674921984659          1.9897534984393377     
   45.000000000000000          2.2684953422411540E-019     2.2684981911866752E-019     4.5303044990760502E-003     9.0606089985256072E-003    0.99546969550092390          1.9909393910014952     
   46.000000000000000          8.7381793873162320E-020     8.7381877437302095E-020     4.0059836488687524E-003     8.0119672980656052E-003    0.99599401635113127          1.9919880327019537     
   47.000000000000000          3.3659217889106521E-020     3.3659236336736705E-020     3.5423457735074440E-003     7.0846915472505450E-003    0.99645765422649257          1.9929153084527664     
   48.000000000000000          1.2965434774100131E-020     1.2965437181311875E-020     3.1323676477385356E-003     6.2647352956461426E-003    0.99686763235226150          1.9937352647043707     
   49.000000000000000          4.9942485127038805E-021     4.9942474156328892E-021     2.7698388886763002E-003     5.5396777774400947E-003    0.99723016111132368          1.9944603222225763     
   50.000000000000000          1.9237702893288349E-021     1.9237693305013862E-021     2.4492678804043004E-003     4.8985357609494630E-003    0.99755073211959566          1.9951014642390670     
   51.000000000000000          7.4103083110309437E-022     7.4103059693958631E-022     2.1657985865188847E-003     4.3315971732508915E-003    0.99783420141348111          1.9956684028267666     
   52.000000000000000          2.8544296358632406E-022     2.8544262084134308E-022     1.9151369904842374E-003     3.8302739811112872E-003    0.99808486300951571          1.9961697260189053     
   53.000000000000000          1.0995181582344733E-022     1.0995167081188043E-022     1.6934860495112993E-003     3.3869720992013587E-003    0.99830651395048875          1.9966130279008147     
   54.000000000000000          4.2353126001009959E-023     4.2353092896083553E-023     1.4974881766365183E-003     2.9949763535347157E-003    0.99850251182336347          1.9970050236464802     
   55.000000000000000          1.6314303393931755E-023     1.6314283498274209E-023     1.3241743797141328E-003     2.6483487596212474E-003    0.99867582562028590          1.9973516512403944     
   56.000000000000000          6.2842231580003405E-024     6.2842145875660519E-024     1.1709192868752218E-003     2.3418385740659629E-003    0.99882908071312482          1.9976581614259505     
   57.000000000000000          2.4206648451957172E-024     2.4206593483888898E-024     1.0354013771753880E-003     2.0708027546234176E-003    0.99896459862282461          1.9979291972453921     
   58.000000000000000          9.3243319745999515E-025     9.3243051563579517E-025     9.1556781400162711E-004     1.8311356282222028E-003    0.99908443218599841          1.9981688643717934     
   59.000000000000000          3.5917060945096702E-025     3.5916933304517986E-025     8.0960334853188304E-004     1.6192066972310580E-003    0.99919039665146814          1.9983807933027857     
   60.000000000000000          1.3835149482535761E-025     1.3835089797980704E-025     7.1590282219430757E-004     1.4318056445049999E-003    0.99928409717780564          1.9985681943555111     
   61.000000000000000          5.3292601389825150E-026     5.3292263141845961E-026     6.3304685159116625E-004     1.2660937032323027E-003    0.99936695314840884          1.9987339062967835     
   62.000000000000000          2.0528158127094182E-026     2.0528061757620181E-026     5.5978032756060154E-004     1.1195606551228842E-003    0.99944021967243935          1.9988804393448922     
   63.000000000000000          7.9073879882215590E-027     7.9073340405823299E-027     4.9499340267823342E-004     9.8998680525975318E-004    0.99950500659732178          1.9990100131947552     
   64.000000000000000          3.0459033104262935E-027     3.0458724014245834E-027     4.3770467919569781E-004     8.7540935823862936E-004    0.99956229532080432          1.9991245906417769     
   65.000000000000000          1.1732732718168356E-027     1.1732761471828651E-027     3.8704634274559682E-004     7.7409268545747603E-004    0.99961295365725444          1.9992259073145600     
   66.000000000000000          4.5194151949856951E-028     4.5194310714394319E-028     3.4225101661699241E-004     6.8450203327451978E-004    0.99965774898338300          1.9993154979667438     
   67.000000000000000          1.7408658490139232E-028     1.7408688291658739E-028     3.0264013746890574E-004     6.0528027497779220E-004    0.99969735986253105          1.9993947197250423     
   68.000000000000000          6.7057656212366660E-029     6.7057656650400688E-029     2.6761367639616509E-004     5.3522735283936416E-004    0.99973238632360384          1.9994647726471810     
   69.000000000000000          2.5830418002875213E-029     2.5830348128137183E-029     2.3664104964143942E-004     4.7328209930196644E-004    0.99976335895035862          1.9995267179007199     
   70.000000000000000          9.9498033765189161E-030     9.9497661774843678E-030     2.0925308126817601E-004     4.1850616261904450E-004    0.99979074691873182          1.9995814938374028     
   71.000000000000000          3.8326358954148155E-030     3.8326174084133183E-030     1.8503489604433453E-004     3.7006979210348881E-004    0.99981496510395562          1.9996299302079181     
   72.000000000000000          1.4763204207117825E-030     1.4763067035739792E-030     1.6361963487772382E-004     3.2723926971352316E-004    0.99983638036512223          1.9996727607303078     
   73.000000000000000          5.6867441731632324E-031     5.6866837036334034E-031     1.4468289760384041E-004     2.8936579521964787E-004    0.99985531710239617          1.9997106342048028     
   74.000000000000000          2.1905176435488032E-031     2.1904864372140622E-031     1.2793782894508421E-004     2.5587565788101130E-004    0.99987206217105495          1.9997441243421417     
   75.000000000000000          8.4378115149667344E-032     8.4376723031955665E-032     1.1313077320305984E-004     2.2626154641791583E-004    0.99988686922679693          1.9997737384536052     
   76.000000000000000          3.2502209407800646E-032     3.2499914019692558E-032     1.0003743186087533E-004     2.0007486376228588E-004    0.99989996256813918          1.9997999251362615     
   77.000000000000000          1.2519758405538106E-032     1.2518817527019533E-032     8.8459465890476224E-005     1.7691893181333171E-004    0.99991154053410958          1.9998230810682116     
   78.000000000000000          4.8225752460823496E-033     4.8221936232982995E-033     7.8221491296486426E-005     1.5644298261469560E-004    0.99992177850870356          1.9998435570174111     
   79.000000000000000          1.8576422364378924E-033     1.8574842396172109E-033     6.9168422384800515E-005     1.3833684488342364E-004    0.99993083157761520          1.9998616631551416     
   80.000000000000000          7.1555849364949376E-034     7.1548962747273929E-034     6.1163122511537506E-005     1.2232624526710604E-004    0.99993883687748841          1.9998776737547579     
   81.000000000000000          2.7563109181655615E-034     2.7560344069579223E-034     5.4084326725708377E-005     1.0816865381391278E-004    0.99994591567327429          1.9998918313462122     
   82.000000000000000          1.0617231078973388E-034     1.0615959162946922E-034     4.7824804837611008E-005     9.5649610020025506E-005    0.99995217519516244          1.9999043503900060     
   83.000000000000000          4.0897271436758071E-035     4.0891609037429937E-035     4.2289737086962329E-005     8.4579474508493930E-005    0.99995771026291302          1.9999154205255187     
   84.000000000000000          1.5753512366179176E-035     1.5751155055435095E-035     3.7395277805251517E-005     7.4790555954156769E-005    0.99996260472219478          1.9999252094440727     
   85.000000000000000          6.0682080528311493E-036     6.0672664355823499E-036     3.3067285314551038E-005     6.6134570983092243E-005    0.99996693271468540          1.9999338654290446     
   86.000000000000000          2.3374564425073885E-036     2.3370474403133419E-036     2.9240198823188570E-005     5.8480397999386055E-005    0.99997075980117678          1.9999415196020280     
   87.000000000000000          9.0038155795765471E-037     9.0020699486874002E-037     2.5856045305399346E-005     5.1712090919069591E-005    0.99997414395469464          1.9999482879091084     
   88.000000000000000          3.4682440928850788E-037     3.4675671075042319E-037     2.2863561321090918E-005     4.5727122980346194E-005    0.99997713643867892          1.9999542728770472     
   89.000000000000000          1.3359577371972482E-037     1.3356994565554239E-037     2.0217416472971791E-005     4.0434833297908926E-005    0.99997978258352704          1.9999595651667283     
   90.000000000000000          5.1460711177698112E-038     5.1450533445272599E-038     1.7877526737907522E-005     3.5755053755420937E-005    0.99998212247326212          1.9999642449462698     
   91.000000000000000          1.9822519239794675E-038     1.9818244622547479E-038     1.5808447270791088E-005     3.1616894805607889E-005    0.99998419155272922          1.9999683831052202     
   92.000000000000000          7.6355779004918280E-039     7.6339580883872855E-039     1.3978835483069349E-005     2.7957671260137952E-005    0.99998602116451696          1.9999720423287641     
   93.000000000000000          2.9412028395177843E-039     2.9405296054244400E-039     1.2360976262594053E-005     2.4721952855341399E-005    0.99998763902373744          1.9999752780471702     
   94.000000000000000          1.1329429489063484E-039     1.1326812333415849E-039     1.0930362142788790E-005     2.1860724630377438E-005    0.99998906963785716          1.9999781392753953     
   95.000000000000000          4.3640639408843798E-040     4.3629685129968268E-040     9.6653220614985652E-006     1.9330644423639505E-005    0.99999033467793852          1.9999806693556015     
   96.000000000000000          1.6810249888144492E-040     1.6805957932379361E-040     8.5466930859306148E-006     1.7093386412313317E-005    0.99999145330691408          1.9999829066136137     
   97.000000000000000          6.4752603337108757E-041     6.4734850946724504E-041     7.5575301309482550E-006     1.5115060413918324E-005    0.99999244246986907          1.9999848849396116     
   98.000000000000000          2.4942518206644924E-041     2.4935926302083705E-041     6.6828492735060566E-006     1.3365698686170434E-005    0.99999331715072648          1.9999866343013402     
   99.000000000000000          9.6077869062643812E-042     9.6051885759402245E-042     5.9094007749323903E-006     1.1818801641467730E-005    0.99999409059922506          1.9999881811983846     
   100.00000000000000          3.7008921261043497E-042     3.6998652749690846E-042     5.2254683727814720E-006     1.0450936821490774E-005    0.99999477453162722          1.9999895490632054     
