1.168747698125887080e+00
1.013250000000000000e+06
1.616743529248223922e+03
6.414475727527817195e-02
5.730665673576253866e-02
6.345443947233526949e-02
6.492328233681661509e-02
3.436596091342778575e-02
4.205034731869976977e-02
5.469003743964585829e-02
5.341712441536500267e-02
3.940678332757551611e-02
3.543396462395298485e-02
4.223835780667754836e-02
2.883316209351628051e-02
5.933808606484129028e-02
3.264349093612903610e-03
1.685123972906226245e-03
4.111034718477619282e-02
5.082311932544405358e-03
7.117208717318558586e-02
3.526653324938623657e-02
7.366816044475525682e-02
7.661590043002523831e-02
5.253222669491327407e-02
