1.316590846103309218e+02
5.220598355586814880e+07
1.554463230559974363e+03
4.453343595679008955e-03
1.151415019032243046e-02
5.962853804817528323e-03
3.744268137262043994e-03
1.299445365981598093e-03
3.181691010135579388e-03
1.215457774492111412e-02
2.352179226391934528e-03
7.809321677977677616e-03
9.798164484865390725e-03
9.238944275573269735e-03
9.183259260167737871e-04
9.646000709484552765e-03
1.053050851673469936e-02
5.984470262522197104e-03
5.435741002293464907e-03
1.230849139590255159e-02
2.141985732478264137e-03
3.318751621546749174e-04
5.637554688526376021e-03
9.388669007146698692e-03
1.248744278670574706e-02
4.167043222199749535e-03
1.093628255339487319e-03
1.147058253958394350e-02
7.770984110441855192e-03
7.721902435932279964e-03
3.115263113541350860e-04
2.094343168670152744e-03
2.337507308124217066e-03
6.683783326291662524e-03
7.556058611298308025e-03
2.704191486254516139e-03
6.947347219387715010e-03
6.059348747262234720e-03
1.495415993218227003e-03
1.271170288338910326e-02
9.033635864520130759e-03
5.669224953183799737e-03
5.983130775522219925e-03
2.663053442941768195e-03
1.383511534772827178e-03
1.242900435666623518e-02
8.158653565436100805e-03
7.430589183949788809e-04
3.125017499144568892e-03
9.353831608533660913e-03
4.938667121259177929e-03
8.012942312355350247e-03
3.880959736435434133e-03
6.155084877964920285e-03
4.428821398805605179e-03
2.329842816156405851e-03
6.800243149072548662e-03
7.315412936364455894e-03
7.546602619756267484e-03
1.170979170586867145e-02
1.065807920995551737e-02
5.615089455818412720e-03
1.204939289566621385e-02
9.165852971252493736e-03
9.538541301641511455e-03
8.605607290192537895e-03
7.086017028196371463e-03
2.116408950267588971e-04
1.234108312046378053e-02
7.494825486535086623e-03
1.139255494300892881e-02
8.695289658497409521e-03
2.961849721359562267e-03
8.402375609580171184e-03
7.971629032035179238e-03
7.124295836031680623e-03
1.317592180566846223e-03
4.883697365395260268e-03
5.899010067197014116e-03
3.940609163003937904e-03
3.942481650821502009e-03
1.982789509598355693e-03
1.220432942433273549e-02
1.148318230726066026e-03
9.724052422703093404e-03
1.226235902130284362e-02
8.582426576284019407e-03
4.365997065589942265e-03
9.433783938474941478e-04
1.133893098343704761e-02
4.815404495135864834e-04
4.471878618219185357e-03
9.484543873420344523e-03
1.013420353548886987e-02
7.821860841089387081e-04
7.221285977157032403e-03
1.263067314966324906e-02
1.134931414178063855e-02
1.634470032198388767e-03
9.284639224408461344e-03
5.494480113654421315e-03
7.055628471347700006e-03
2.323088528135394313e-04
8.252698193489818937e-04
1.138033805734512890e-02
6.648302711110141289e-03
4.648539071455091445e-04
5.969815886413886580e-03
4.030343703652014727e-03
1.228275894058778600e-02
4.095212196186161051e-03
2.073362577523694700e-03
5.558928419707485219e-03
8.129272360420436438e-03
1.169305259721248845e-02
6.111482271839030131e-03
1.128143057453770762e-02
2.842645253371159863e-04
8.076477702232413153e-03
9.438595310704364291e-03
1.204011314837354941e-02
8.744333809925482551e-03
5.860679130885572061e-03
2.005794488118345636e-03
3.959266593275403978e-03
1.039262553867910388e-02
1.166107354110591972e-02
4.499645385158921283e-03
8.993838120207819052e-04
1.148324770340816356e-02
7.403489077920615349e-03
1.167884558070367458e-02
6.793354750333709807e-03
4.949884646988996113e-03
5.453784943013157728e-03
2.591158855107020438e-03
7.513778088626378408e-03
2.313641612003190329e-04
8.149595102643507338e-03
1.114841191247449570e-02
5.217682729491953351e-03
7.861952492026952127e-04
9.533084134918434760e-03
4.655509255581714162e-03
1.955987109470652772e-03
7.789145009512693507e-03
4.630524320423008017e-03
2.428020810227590667e-03
9.023785104648990307e-03
3.037165433813218620e-04
7.452638341001859706e-03
7.627362912951515979e-03
5.456384160220339487e-03
8.991413944626261076e-03
2.362693607672589676e-03
1.153557831166897481e-02
1.200657624554878891e-03
3.034554399296929793e-03
5.513694940068050721e-03
4.017650174269827082e-03
3.423219593773661230e-03
6.043799342130149604e-03
