   0.0000000000000000          1.0000000000000000          1.0000000000000000         -0.0000000000000000          0.0000000000000000          0.0000000000000000          0.0000000000000000          4.4588438620066923E-014     4.4588438620066923E-014
   1.0000000000000000         0.28729493611876017         0.28729493684729257         0.70881531349017679         0.70881531275634024          3.8897503910630959E-003     3.8897503963678834E-003     4.4588438620066923E-014     4.4588438620066923E-014
   2.0000000000000000          8.2538380319482491E-002     8.2538381909209688E-002    0.90602908328025633         0.90602908167919882          1.1432536400261095E-002     1.1432536411591589E-002     4.4588438620066923E-014     4.4588438620066923E-014
   3.0000000000000000          2.3712858701231652E-002     2.3712860106789958E-002    0.95632056423972500         0.95632056282443245          1.9966577059043367E-002     1.9966577068776751E-002     4.4588438620066923E-014     4.4588438620066923E-014
   4.0000000000000000          6.8125842257635337E-003     6.8125817432664691E-003    0.96445973162914012         0.96445973413134234          2.8727684145096299E-002     2.8727684125390243E-002     4.4588438620066923E-014     4.4588438620066923E-014
   5.0000000000000000          1.9572209499444074E-003     1.9572197224278498E-003    0.96054594561309903         0.96054594685646599          3.7496833436956423E-002     3.7496833421105019E-002     4.4588438620066923E-014     4.4588438620066923E-014
   6.0000000000000000          5.6229966778457768E-004     5.6229910127598602E-004    0.95322608150483257         0.95322608209527804          4.6211618827382894E-002     4.6211618803444411E-002     4.4588438620066923E-014     4.4588438620066923E-014
   7.0000000000000000          1.6154584713577044E-004     1.6154521744938914E-004    0.94498382905219513         0.94498382973947470          5.4854625100669074E-002     5.4854625043074250E-002     4.4588438620066923E-014     4.4588438620066923E-014
   8.0000000000000000          4.6411303833122127E-005     4.6410865820741259E-005    0.93653223065673363         0.93653223126022112          6.3421358039433273E-002     6.3421357873956155E-002     4.4588438620066923E-014     4.4588438620066923E-014
   9.0000000000000000          1.3333732569925178E-005     1.3333203992386708E-005    0.92807563531851811         0.92807563629896195          7.1911030948911936E-002     7.1911030497044018E-002     4.4588438620066923E-014     4.4588438620066923E-014
   10.000000000000000          3.8307138469012889E-006     3.8311995897607016E-006    0.91967225157227550         0.91967225179980505          8.0323917713877480E-002     8.0323917000603484E-002     4.4588438620066923E-014     4.4588438620066923E-014
   11.000000000000000          1.1005446899347569E-006     1.1013559436359937E-006    0.91133830706856300         0.91133830723325959          8.8660592386747061E-002     8.8660591410795034E-002     4.4588438620066923E-014     4.4588438620066923E-014
   12.000000000000000          3.1618091639064641E-007     3.1659016217246439E-007    0.90307797305290982         0.90307797378396604          9.6921710766173841E-002     9.6921709625869990E-002     4.4588438620066923E-014     4.4588438620066923E-014
   13.000000000000000          9.0837176176421727E-008     9.0932412435561039E-008    0.89489196147643613         0.89489196252409542         0.10510794768638754         0.10510794654349032          4.4588438620066923E-014     4.4588438620066923E-014
   14.000000000000000          2.6097060726813711E-008     2.6105961682704525E-008    0.88677999486186421         0.88677999569377086         0.11321997904107495         0.11321997820026546          4.4588438620066923E-014     4.4588438620066923E-014
   15.000000000000000          7.4975533943973439E-009     7.4948754318034371E-009    0.87874151584354443         0.87874151631897535         0.12125847665890221         0.12125847618614709          4.4588438620066923E-014     4.4588438620066923E-014
   16.000000000000000          2.1540091234903766E-009     2.1512913360006207E-009    0.87077589097510555         0.87077589105679942         0.12922410687088526         0.12922410679190682          4.4588438620066923E-014     4.4588438620066923E-014
   17.000000000000000          6.1883591353239373E-010     6.1737112329879508E-010    0.86288246924311129         0.86288246898687759         0.13711753013805295         0.13711753039574895          4.4588438620066923E-014     4.4588438620066923E-014
   18.000000000000000          1.7778842424628347E-010     1.7714615155078763E-010    0.85506059883884433         0.85506059833902570         0.14493940098336711         0.14493940148382553          4.4588438620066923E-014     4.4588438620066923E-014
   19.000000000000000          5.1077713986491183E-011     5.0825406009928382E-011    0.84730963193821507         0.84730963100791457         0.15269036801070723         0.15269036894125754          4.4588438620066923E-014     4.4588438620066923E-014
   20.000000000000000          1.4674368576841274E-011     1.4580716075672463E-011    0.83962892603681327         0.83962892466695749         0.16037107394851247         0.16037107531845934          4.4588438620066923E-014     4.4588438620066923E-014
   21.000000000000000          4.2158717828667511E-012     4.1822651560381318E-012    0.83201784429561820         0.83201784265588807         0.16798215570016606         0.16798215733992722          4.4588438620066923E-014     4.4588438620066923E-014
   22.000000000000000          1.2111986145435900E-012     1.1994874989548063E-012    0.82447575560281561         0.82447575368315740         0.17552424439597325         0.17552424631564076          4.4588438620066923E-014     4.4588438620066923E-014
   23.000000000000000          3.4797122859243124E-013     3.4397896764999945E-013    0.81700203455439802         0.81700203234463475         0.18299796544525404         0.18299796765501883          4.4588438620066923E-014     4.4588438620066923E-014
   24.000000000000000          9.9970371889628929E-014     9.8632588492983255E-014    0.80959606141176410         0.80959605890159048         0.19040393858813587         0.19040394109830891          4.4588438620066923E-014     4.4588438620066923E-014
   25.000000000000000          2.8720981605799614E-014     2.8279702097081225E-014    0.80225722205304728         0.80225721904987823         0.19774277794692396         0.19774278095009126          4.4588438620066923E-014     4.4588438620066923E-014
   26.000000000000000          8.2513925757062787E-015     8.1077488370134131E-015    0.79498490792297205         0.79498490441884173         0.20501509207701973         0.20501509558114789          4.4588438620066923E-014     4.4588438620066923E-014
   27.000000000000000          2.3705833029283453E-015     2.3243530126626862E-015    0.78777851598261495         0.78777851196928828         0.21222148401738272         0.21222148803070684          4.4588438620066923E-014     4.4588438620066923E-014
   28.000000000000000          6.8105657857900266E-016     6.6630858018932537E-016    0.78063744865946405         0.78063744431335635         0.21936255134053528         0.21936255568664023          4.4588438620066923E-014     4.4588438620066923E-014
   29.000000000000000          1.9566410623611576E-016     1.9099474691188310E-016    0.77356111379788484         0.77356110892336249         0.22643888620211483         0.22643889107663465          4.4588438620066923E-014     4.4588438620066923E-014
   30.000000000000000          5.6213306901839133E-017     5.4743851841882879E-017    0.76654892461002255         0.76654891919777690         0.23345107538997734         0.23345108080222005          4.4588438620066923E-014     4.4588438620066923E-014
   31.000000000000000          1.6149798415388118E-017     1.5689469951179437E-017    0.75960029962714593         0.75960029385420513         0.24039970037285407         0.24039970614579170          4.4588438620066923E-014     4.4588438620066923E-014
   32.000000000000000          4.6397553040797797E-018     4.4962094645914914E-018    0.75271466265143017         0.75271465637058621         0.24728533734856972         0.24728534362941076          4.4588438620066923E-014     4.4588438620066923E-014
   33.000000000000000          1.3329782036922777E-018     1.2883653510933929E-018    0.74589144270817831         0.74589143604499242         0.25410855729182169         0.25410856395500409          4.4588438620066923E-014     4.4588438620066923E-014
   34.000000000000000          3.8295788787747227E-019     3.6913676187103634E-019    0.73913007399847364         0.73913006694087124         0.26086992600152636         0.26086993305912526          4.4588438620066923E-014     4.4588438620066923E-014
   35.000000000000000          1.1002186193393361E-019     1.0575200985829409E-019    0.73242999585226243         0.73242998838773499         0.26757000414773757         0.26757001161226118          4.4588438620066923E-014     4.4588438620066923E-014
   36.000000000000000          3.1608723795976478E-020     3.0292863820422749E-020    0.72579065268186205         0.72579064479745492         0.27420934731813795         0.27420935520254142          4.4588438620066923E-014     4.4588438620066923E-014
   37.000000000000000          9.0810262837606534E-021     8.6764025094698325E-021    0.71921149393588979         0.71921148561818582         0.28078850606411021         0.28078851438181063          4.4588438620066923E-014     4.4588438620066923E-014
   38.000000000000000          2.6089328660857968E-021     2.4848323555166404E-021    0.71269197405361029         0.71269196509852040         0.28730802594638971         0.28730803490147622          4.4588438620066923E-014     4.4588438620066923E-014
   39.000000000000000          7.4953320110025218E-022     7.1151462642541686E-022    0.70623155241969549         0.70623154300336932         0.29376844758030451         0.29376845699662713          4.4588438620066923E-014     4.4588438620066923E-014
   40.000000000000000          2.1533709312898659E-022     2.0370918316722670E-022    0.69982969331939626         0.69982968342410623         0.30017030668060374         0.30017031657589011          4.4588438620066923E-014     4.4588438620066923E-014
   41.000000000000000          6.1865256414491657E-023     5.8314244225134938E-023    0.69348586589411865         0.69348585550168873         0.30651413410588135         0.30651414449830727          4.4588438620066923E-014     4.4588438620066923E-014
   42.000000000000000          1.7773574889572080E-023     1.6691135259144826E-023    0.68719954409740458         0.68719953300692249         0.31280045590259542         0.31280046699307307          4.4588438620066923E-014     4.4588438620066923E-014
   43.000000000000000          5.1062580625016065E-024     4.7752656880311024E-024    0.68097020665130992         0.68097019539979420         0.31902979334869008         0.31902980460020097          4.4588438620066923E-014     4.4588438620066923E-014
   44.000000000000000          1.4670020838723123E-024     1.3663319461004913E-024    0.67479733700317979         0.67479732519533808         0.32520266299682021         0.32520267480465748          4.4588438620066923E-014     4.4588438620066923E-014
   45.000000000000000          4.2146226997218355E-025     3.9087731995317864E-025    0.66868042328281352         0.66868041089845021         0.33131957671718648         0.33131958910154535          4.4588438620066923E-014     4.4588438620066923E-014
   46.000000000000000          1.2108397592812604E-025     1.1180136756152497E-025    0.66261895826002015         0.66261894527835730         0.33738104173997985         0.33738105472163821          4.4588438620066923E-014     4.4588438620066923E-014
   47.000000000000000          3.4786813129276432E-026     3.1963598239019810E-026    0.65661243930255675         0.65661242605491010         0.34338756069744325         0.34338757394508568          4.4588438620066923E-014     4.4588438620066923E-014
   48.000000000000000          9.9940752557507113E-027     9.1391877636372330E-027    0.65066036833444918         0.65066035444376980         0.34933963166555093         0.34933964555622593          4.4588438620066923E-014     4.4588438620066923E-014
   49.000000000000000          2.8712472121669796E-027     2.6127091317304955E-027    0.64476225179469060         0.64476223723996429         0.35523774820530940         0.35523776276003199          4.4588438620066923E-014     4.4588438620066923E-014
   50.000000000000000          8.2489478440067991E-028     7.4655964574726317E-028    0.63891760059631375         0.63891758569128920         0.36108239940368625         0.36108241430870719          4.4588438620066923E-014     4.4588438620066923E-014
   51.000000000000000          2.3698809438909157E-028     2.1328007738633137E-028    0.63312593008583473         0.63312591479859537         0.36687406991416527         0.36687408520140136          4.4588438620066923E-014     4.4588438620066923E-014
   52.000000000000000          6.8085479438420705E-029     6.0938716283467242E-029    0.62738676000306459         0.62738674386139726         0.37261323999693541         0.37261325613859902          4.4588438620066923E-014     4.4588438620066923E-014
   53.000000000000000          1.9560613465876217E-029     1.7408008765159594E-029    0.62169961444128419         0.62169959742386904         0.37830038555871581         0.37830040257612746          4.4588438620066923E-014     4.4588438620066923E-014
   54.000000000000000          5.6196651961226628E-030     4.9719234007567795E-030    0.61606402180778164         0.61606400400534167         0.38393597819221836         0.38393599599465505          4.4588438620066923E-014     4.4588438620066923E-014
   55.000000000000000          1.6145013535288788E-030     1.4197245665848727E-030    0.61047951478474605         0.61047949617113173         0.38952048521525395         0.38952050382886466          4.4588438620066923E-014     4.4588438620066923E-014
   56.000000000000000          4.6383806322573725E-031     4.0600203677071043E-031    0.60494563029051640         0.60494561109613487         0.39505436970948360         0.39505438890386158          4.4588438620066923E-014     4.4588438620066923E-014
   57.000000000000000          1.3325832674388750E-031     1.1624757572430937E-031    0.59946190944118205         0.59946188989755733         0.40053809055881795         0.40053811010243895          4.4588438620066923E-014     4.4588438620066923E-014
   58.000000000000000          3.8284442469177993E-032     3.3281497803128643E-032    0.59402789751253038         0.59402787761413212         0.40597210248746951         0.40597212238586394          4.4588438620066923E-014     4.4588438620066923E-014
   59.000000000000000          1.0998926453524831E-032     9.5275943159872761E-033    0.58864314390234007         0.58864312364311111         0.41135685609765993         0.41135687635688495          4.4588438620066923E-014     4.4588438620066923E-014
   60.000000000000000          3.1599358728403545E-033     2.7272386111004615E-033    0.58330720209301612         0.58330718146634153         0.41669279790698388         0.41669281853365475          4.4588438620066923E-014     4.4588438620066923E-014
   61.000000000000000          9.0783357472704748E-034     7.8058540231466673E-034    0.57801962961456343         0.57801960861323598         0.42198037038543657         0.42198039138676052          4.4588438620066923E-014     4.4588438620066923E-014
   62.000000000000000          2.6081598885767257E-034     2.2339471811963084E-034    0.57277998800789598         0.57277996662407804         0.42722001199210402         0.42722003337591868          4.4588438620066923E-014     4.4588438620066923E-014
   63.000000000000000          7.4931112857616244E-035     6.3984089737665861E-035    0.56758784278847851         0.56758782110929240         0.43241215721152149         0.43241217889070455          4.4588438620066923E-014     4.4588438620066923E-014
   64.000000000000000          2.1527329281736448E-035     1.8325738786535970E-035    0.56244276341029842         0.56244274144369477         0.43755723658970158         0.43755725855630218          4.4588438620066923E-014     4.4588438620066923E-014
   65.000000000000000          6.1846926908039826E-036     5.2485546657640528E-036    0.55734432323016336         0.55734430098320098         0.44265567676983664         0.44265569901679636          4.4588438620066923E-014     4.4588438620066923E-014
   66.000000000000000          1.7768308915186913E-036     1.5031592714727257E-036    0.55229209947232316         0.55229207695118532         0.44770790052767684         0.44770792304881196          4.4588438620066923E-014     4.4588438620066923E-014
   67.000000000000000          5.1047451747270171E-037     4.3048257313741776E-037    0.54728567319341181         0.54728565040341881         0.45271432680658819         0.45271434959657847          4.4588438620066923E-014     4.4588438620066923E-014
   68.000000000000000          1.4665674388757463E-037     1.2327915393377052E-037    0.54232462924770819         0.54232460619332112         0.45767537075229181         0.45767539380667643          4.4588438620066923E-014     4.4588438620066923E-014
   69.000000000000000          4.2133739866566085E-038     3.5302488920757556E-038    0.53740855625271033         0.53740853293752833         0.46259144374728967         0.46259146706246895          4.4588438620066923E-014     4.4588438620066923E-014
   70.000000000000000          1.2104810103409551E-038     1.0108823919385696E-038    0.53253704655502321         0.53253702298177474         0.46746295344497679         0.46746297701822237          4.4588438620066923E-014     4.4588438620066923E-014
   71.000000000000000          3.4776506453887664E-039     2.8944993826356103E-039    0.52770969619655494         0.52770967236708044         0.47229030380344506         0.47229032763291695          4.4588438620066923E-014     4.4588438620066923E-014
   72.000000000000000          9.9911142001032989E-040     8.2874623420142278E-040    0.52292610488101932         0.52292608079624492         0.47707389511898068         0.47707391920375242          4.4588438620066923E-014     4.4588438620066923E-014
   73.000000000000000          2.8703965158739528E-040     2.3726984016639043E-040    0.51818587594074228         0.51818585160064656         0.48181412405925772         0.48181414839935077          4.4588438620066923E-014     4.4588438620066923E-014
   74.000000000000000          8.2465038366351831E-041     6.7925642852248482E-041    0.51348861630376930         0.51348859170733852         0.48651138369623081         0.48651140829265893          4.4588438620066923E-014     4.4588438620066923E-014
   75.000000000000000          2.3691787929492134E-041     1.9444302988681159E-041    0.50883393646127073         0.50883391160644220         0.49116606353872916         0.49116608839355502          4.4588438620066923E-014     4.4588438620066923E-014
   76.000000000000000          6.8065306997426495E-042     5.5656421980692294E-042    0.50422145043524313         0.50422142531883629         0.49577854956475698         0.49577857468116066          4.4588438620066923E-014     4.4588438620066923E-014
   77.000000000000000          1.9554818025729428E-042     1.5929385445360629E-042    0.49965077574650207         0.49965075036413420         0.50034922425349793         0.50034924963586336          4.4588438620066923E-014     4.4588438620066923E-014
   78.000000000000000          5.6180001955159107E-043     4.5619773295004651E-043    0.49512153338296705         0.49512150787196213         0.50487846661703295         0.50487849212803582          4.4588438620066923E-014     4.4588438620066923E-014
   79.000000000000000          1.6140230072859243E-043     1.3064386971363605E-043    0.49063334776823225         0.49063332212877853         0.50936665223176769         0.50936667787121948          4.4588438620066923E-014     4.4588438620066923E-014
   80.000000000000000          4.6370063677241837E-044     3.7411613245689646E-044    0.48618584673042287         0.48618582096267610         0.51381415326957713         0.51381417903732174          4.4588438620066923E-014     4.4588438620066923E-014
   81.000000000000000          1.3321884481976024E-044     1.0712849172086408E-044    0.48177866147133347         0.48177863557541412         0.51822133852866659         0.51822136442458377          4.4588438620066923E-014     4.4588438620066923E-014
   82.000000000000000          3.8273099512308005E-045     3.0674984783500687E-045    0.47741142653584684         0.47741140051183645         0.52258857346415311         0.52258859948816161          4.4588438620066923E-014     4.4588438620066923E-014
   83.000000000000000          1.0995667679455470E-045     8.7830261763404732E-046    0.47308377978162891         0.47308375362956662         0.52691622021837115         0.52691624637043166          4.4588438620066923E-014     4.4588438620066923E-014
   84.000000000000000          3.1589996435522722E-046     2.5146878496445670E-046    0.46879536234909935         0.46879533606897722         0.53120463765090065         0.53120466393102095          4.4588438620066923E-014     4.4588438620066923E-014
   85.000000000000000          9.0756460079353538E-047     7.1995223861722278E-047    0.46454581863167399         0.46454579222343206         0.53545418136832601         0.53545420777656627          4.4588438620066923E-014     4.4588438620066923E-014
   86.000000000000000          2.6073871400862656E-047     2.0611166714947430E-047    0.46033479624627671         0.46033476970979703         0.53966520375372329         0.53966523029020119          4.4588438620066923E-014     4.4588438620066923E-014
   87.000000000000000          7.4908912184795988E-048     5.9003845350915068E-048    0.45616194600411941         0.45616191933921862         0.54383805399588070         0.54383808066077954          4.4588438620066923E-014     4.4588438620066923E-014
   88.000000000000000          2.1520951140857066E-048     1.6890264000747106E-048    0.45202692188174587         0.45202689508816646         0.54797307811825413         0.54797310491183160          4.4588438620066923E-014     4.4588438620066923E-014
   89.000000000000000          6.1828602832274839E-049     4.8347129181575717E-049    0.44792938099233920         0.44792935406973883         0.55207061900766075         0.55207064593025890          4.4588438620066923E-014     4.4588438620066923E-014
   90.000000000000000          1.7763044501010578E-049     1.3838408222192053E-049    0.44386898355728788         0.44386895650523128         0.55613101644271212         0.55613104349476639          4.4588438620066923E-014     4.4588438620066923E-014
   91.000000000000000          5.1032327351925235E-050     3.9607909775181914E-050    0.43984539287801133         0.43984536569595045         0.56015460712198872         0.56015463430404722          4.4588438620066923E-014     4.4588438620066923E-014
   92.000000000000000          1.4661329226563004E-050     1.1335929013870648E-050    0.43585827530803989         0.43585824799529232         0.56414172469196011         0.56414175200470551          4.4588438620066923E-014     4.4588438620066923E-014
   93.000000000000000          4.2121256435615259E-051     3.2442228894424504E-051    0.43190730022534723         0.43190727278106927         0.56809269977465282         0.56809272721892878          4.4588438620066923E-014     4.4588438620066923E-014
   94.000000000000000          1.2101223676911991E-051     9.2841350785612813E-052    0.42799214000493530         0.42799211242808483         0.57200785999506465         0.57200788757191312          4.4588438620066923E-014     4.4588438620066923E-014
   95.000000000000000          3.4766202832172555E-052     2.6567338681517953E-052    0.42411246999166619         0.42411244228095119         0.57588753000833381         0.57588755771904687          4.4588438620066923E-014     4.4588438620066923E-014
   96.000000000000000          9.9881540217608635E-053     7.6020171648770888E-053    0.42026796847334125         0.42026794062714468         0.57973203152665875         0.57973205937285321          4.4588438620066923E-014     4.4588438620066923E-014
   97.000000000000000          2.8695460716261223E-053     2.1751126841353635E-053    0.41645831665402339         0.41645828867028822         0.58354168334597667         0.58354171132971000          4.4588438620066923E-014     4.4588438620066923E-014
   98.000000000000000          8.2440605533766523E-054     6.2230603850120344E-054    0.41268319862760233         0.41268317050363623         0.58731680137239772         0.58731682949636221          4.4588438620066923E-014     4.4588438620066923E-014
   99.000000000000000          2.3684768500415338E-054     1.7802930009308813E-054    0.40894230135159859         0.40894227308370390         0.59105769864840141         0.59105772691629443          4.4588438620066923E-014     4.4588438620066923E-014
   100.00000000000000          6.8045140533144418E-055     5.0925688694199592E-055    0.40523531462120499         0.40523528620380495         0.59476468537879490         0.59476471379619356          4.4588438620066923E-014     4.4588438620066923E-014
