1.408551684749801609e+02
5.190507347197937965e+07
1.478889925379000488e+03
4.858921370839548726e-03
2.205330946344366289e-03
4.063130924549552235e-03
1.150697839294572214e-02
1.022849699318929655e-02
5.261618153683871209e-03
8.912712479059668388e-03
1.171448337496561534e-02
7.805060001219945968e-03
4.578819200245874167e-03
7.196148092724783882e-03
2.707248887652582720e-03
1.059154747541750201e-02
4.281629757521349805e-03
3.587919528221968513e-03
9.689803555456670547e-03
7.348739979270321049e-03
5.765258454844360628e-03
1.078874185928372850e-02
6.724790316366138603e-03
3.558315813571099207e-03
2.274429877342497817e-03
6.488144150973566490e-03
5.928845773815320276e-03
9.602359385117109625e-03
2.362090107725670247e-03
7.221335097539930727e-03
1.196948984660379384e-02
4.175758056750348245e-04
6.817578576671077563e-03
4.461095196758846186e-03
3.129306123634504754e-04
7.000060428813236445e-03
6.732241960996250378e-03
7.912505616394545013e-03
4.038728330399801378e-03
4.640245704046013636e-03
4.519433894371361476e-03
1.085716665562834297e-02
3.906245649247100989e-03
1.048208262195435454e-02
1.057566124825957445e-02
7.822868815039539514e-03
5.125924242266820773e-03
9.247355253108390655e-03
1.009055377308456852e-03
3.817287696403084876e-03
2.085732087283156261e-03
8.282163172751664040e-03
2.765011459582204269e-03
3.526071039824470090e-03
1.061365307800986486e-02
1.069229318247818736e-02
3.542844353646692080e-03
1.849955501524934128e-03
1.192646503370078069e-02
3.302043516549462657e-03
8.603059658623190414e-03
8.092085368977564377e-03
8.528683355867618804e-03
3.908324402319935525e-03
1.104619627061675241e-02
5.825223860610339970e-03
6.199767186059097941e-03
1.164602789163517128e-03
2.818729906021236187e-03
1.030402154045953304e-02
1.144028935724369575e-02
2.483873826515048400e-03
2.848097444133032823e-03
1.165842897679142051e-02
6.622952889190114427e-03
1.115626847370387170e-02
9.352445109831733147e-03
4.409433925395857094e-03
1.208823041655358345e-03
6.177730298815237511e-03
8.054023582746546112e-04
9.149123214878826862e-03
6.018421922582216713e-03
9.821449561343070442e-03
1.156187254144159897e-02
1.116156814783540382e-02
9.272973880668668525e-03
5.652966171263774584e-03
4.360615993254633033e-03
2.361853793088332875e-04
6.262622808203721636e-03
5.533216811242505119e-03
9.224078287402188991e-03
4.038643452994599044e-03
1.169049481616702899e-02
1.148841175045194236e-02
4.775687146587972477e-03
5.209459175491279112e-03
3.688840346584554113e-03
6.690741212923079391e-03
2.172309212153547640e-03
3.441580108356071584e-03
1.774795230266680741e-03
4.549996028349222871e-03
6.578586227848006070e-03
4.547229415085714786e-03
1.053690897450046925e-03
2.766054664696113250e-03
7.511224067571082783e-03
3.209814339377997996e-03
7.420948718018152007e-03
9.769510869104634093e-03
5.062504033757530197e-04
6.993240820691133501e-03
2.836700058019697279e-03
6.122094379339720893e-03
2.612589581535221725e-05
8.367002519408179781e-03
3.454902760224093893e-03
6.424522472171715140e-03
6.772052368926586088e-03
7.761758459880950707e-03
1.166531373426547315e-02
9.286061312248147445e-03
6.665591565232255322e-03
1.171230974726528845e-02
5.692899766419394492e-03
3.965766647468538545e-04
7.033835400678748427e-03
4.973103664702414189e-03
7.963676747772374231e-04
7.919335935121450329e-03
1.022319844584323664e-02
3.157117712193741564e-03
8.432053414798411015e-03
1.661789935519978646e-03
3.564054681145346383e-03
6.339558883136681318e-03
3.510551513828037186e-03
3.040123019185666988e-03
3.216267939031163675e-03
8.762103106813289369e-03
1.886834572197309927e-03
6.566149521871459532e-03
6.555657488983053158e-03
3.669234123942372050e-04
3.891166338200944402e-03
1.068887137103632055e-02
6.652080956809588476e-04
1.080533974935027688e-02
9.045175505811060487e-03
1.685195655927404591e-05
4.123885723172918995e-03
5.810520276005318001e-03
9.198929214999896145e-03
5.989356707989210594e-04
1.025477403373033919e-02
1.215986789763493295e-02
1.590318799613742640e-04
4.944437440402709404e-03
4.383914491950029364e-03
9.122135132256977688e-04
4.319241224330772413e-03
1.340836000367521099e-03
4.961495440281511564e-03
5.930745217253255604e-03
6.078799078596344892e-03
8.851000532433143725e-04
1.848878622805022378e-03
2.844716817856590783e-03
2.377543324977975277e-03
1.120911046210356157e-02
4.645367482247679362e-03
4.183955204427768819e-04
