2.602356755399999888e-01
1.013250000000000000e+05
1.330465750099999923e+03
1.713566944500000097e-06
6.504175690499999687e-04
6.586413022600000200e-06
1.634116681199999921e-01
3.380502965699999938e-05
2.742718883800000090e-02
7.080176471600000410e-01
4.453638138899999898e-04
7.651999495299999731e-05
4.106063313899999817e-02
3.181895487999999907e-03
1.649234208099999979e-03
4.049550868000000232e-06
1.562674412400000106e-06
3.094178805599999849e-03
2.241004830400000064e-04
1.171574227099999926e-03
2.526558290300000032e-05
2.320128161700000038e-02
1.337920164000000060e-05
1.247108939499999960e-03
4.241076130900000023e-04
3.341373504100000201e-07
6.645500788600000072e-06
1.893341863100000098e-03
8.787252171600000656e-05
5.582385372399999842e-11
6.995926152299999783e-12
1.274320452499999896e-10
3.877846622499999795e-03
1.558859349799999899e-07
1.017849052400000082e-05
3.046555711900000049e-04
6.006574182900000308e-08
1.145916585700000080e-03
1.311971544799999973e-04
1.320818042399999931e-04
3.587765640300000132e-09
2.359325715200000069e-10
1.570135332399999896e-05
1.209984336399999973e-03
7.112958062100000080e-09
2.473664868099999950e-05
1.473236822799999955e-03
2.508544638499999952e-11
8.990448491999999717e-13
7.384884633400000316e-13
2.934279782699999970e-15
1.453264971799999988e-17
1.161914331000000020e-07
8.070720503399999945e-12
1.004158851599999970e-09
2.909973415000000047e-09
6.722226450199999658e-04
5.188497848999999674e-05
1.597247907099999884e-10
4.585489596400000169e-13
1.282470167599999963e-08
9.202430311499999564e-04
4.103493066699999692e-11
1.880208571899999955e-13
2.236887432899999893e-06
1.059779173899999956e-11
3.596753405100000207e-14
4.359183288399999860e-12
1.003980739400000029e-14
1.456726591600000107e-10
1.896969237200000119e-11
1.908714553900000092e-11
5.823260104100000623e-11
4.942592362499999915e-11
3.362055237799999901e-11
8.937238535400000589e-11
4.958351242999999925e-05
6.549621323299999478e-07
6.826836655699999985e-07
5.187997783299999621e-07
5.020661733199999888e-14
1.553906552800000030e-13
1.321298617299999990e-13
1.433514052500000005e-13
1.298231527700000020e-15
2.415869129899999917e-14
4.018050280299999692e-15
4.740096734000000126e-15
4.064365316299999798e-18
7.563340379800000372e-17
1.257928248400000017e-17
1.483978411499999977e-17
2.006033037799999990e-05
4.104912832499999902e-05
1.433879642699999968e-05
1.632627767500000142e-20
3.038139864500000119e-19
5.053010893199999707e-20
5.961037170099999967e-20
-5.933172455399999870e-37
1.101818042700000060e-16
1.642173942600000050e-14
3.908719397100000041e-15
1.436317850800000045e-15
4.143920755899999689e-08
-5.260661656399999575e-31
7.756623914299999901e-12
2.251027274899999916e-11
6.496587036100000418e-10
