4.416044204200000323e+00
9.999997297500000568e+05
1.687501000700000077e+03
8.427908282600000230e-07
6.086716968399999693e-06
1.393118978199999944e-04
1.165134951499999932e-01
6.425985100100000281e-04
1.550310205399999929e-13
4.066295682400000028e-02
7.631980000000000430e-01
1.501551921000000050e-05
1.995655510200000131e-06
9.999999999999999547e-07
2.530702926800000151e-03
7.628105717600000557e-02
8.495918857100000446e-08
1.451697300000000030e-09
6.109464008899999957e-14
5.668523837100000373e-12
3.278189086200000206e-10
1.599194551099999935e-08
2.447327360499999988e-11
3.654569969899999699e-18
1.073139013699999925e-15
9.630761920199999944e-18
1.101054317099999978e-14
1.559127996999999920e-08
2.409175778199999842e-10
8.625171980700000648e-12
2.970236212000000053e-15
4.928791923399999833e-11
3.424436576100000039e-09
1.283479670000000016e-08
2.474654657699999809e-10
9.141909552400000642e-12
6.402670915700000259e-16
1.144186733900000043e-12
6.347195285199999841e-16
3.630315027999999885e-13
5.754414458699999782e-12
2.324356010900000046e-09
4.919115604999999620e-09
2.523311392099999943e-07
1.107596409400000053e-11
2.047190761500000135e-09
4.479922517199999862e-10
8.098079618000000574e-12
8.663798393599999582e-12
5.000380176000000261e-09
4.662021398299999611e-13
7.643634147700000263e-15
4.252289528599999763e-07
1.769028474000000069e-08
1.620977326900000076e-07
2.640516731900000123e-20
8.411901663399999904e-14
1.379612708700000027e-16
2.413634056600000196e-12
1.738626682799999925e-16
4.735483499700000170e-14
6.259891250499999794e-12
2.679526999499999769e-16
2.113533067500000064e-20
2.735742456400000076e-14
1.965364003099999994e-17
7.572426420499999771e-13
1.611849299700000023e-15
2.995753123199999875e-12
5.015514828799999820e-15
1.405810047500000075e-17
6.705740000100000173e-25
8.330313623900000611e-09
1.477906215600000048e-12
7.628190835700000119e-14
1.045360552899999905e-18
1.992054467600000045e-17
5.371436865900000205e-20
5.451248176599999896e-22
4.858977557699999723e-24
-2.075028852899999868e-23
1.945672434299999968e-24
1.144388459299999991e-23
5.194383688499999894e-25
1.092882758599999976e-21
3.409880780200000084e-19
4.186270342999999882e-16
1.355457275599999987e-17
2.018239395500000091e-19
1.134990038000000070e-18
9.650756030500000090e-17
5.602563950799999765e-16
4.202983494399999790e-17
1.215787569400000002e-11
1.369707617400000020e-10
3.456385944599999830e-13
1.602260029599999899e-13
6.130395431700000251e-10
1.493770704699999986e-10
9.075023209100000183e-10
1.201108522400000123e-16
1.499044120099999907e-20
7.229567189999999884e-23
1.016426095600000047e-19
1.601177931399999893e-23
-2.938836320500000030e-25
1.220452555199999929e-22
4.353806749000000054e-25
1.102769989199999945e-21
-8.227339633600000534e-23
2.421288017700000068e-21
1.737301204499999972e-18
5.842445760399999570e-19
1.781358278699999929e-21
2.899614713800000135e-17
5.025229801099999676e-21
9.159276115799999544e-24
-2.679648410499999904e-24
-5.067909422599999741e-24
-5.067081716800000296e-24
3.042594294899999870e-16
6.915534059700000365e-19
2.148431099900000205e-09
6.754302918299999564e-20
9.810206157900000221e-16
3.772523699700000090e-13
5.000892766699999957e-12
8.252856241600000412e-21
3.634123587900000007e-14
2.773712430699999883e-14
2.050655882599999895e-20
8.683807128900000295e-20
2.052244821000000145e-17
6.415080200899999826e-18
3.637169100200000121e-13
7.636548212999999899e-16
1.747175422699999914e-16
1.960149485400000057e-11
-9.935359478300000074e-25
-3.156312338800000011e-22
2.929226242200000118e-23
2.147754923300000215e-22
1.616968514400000090e-21
4.927544195900000059e-24
1.130558420799999966e-21
2.497919056700000005e-18
-1.411543173600000019e-20
-4.472280661400000021e-20
1.415893233499999969e-18
3.012944239900000182e-19
2.951454787700000171e-19
1.397191584100000052e-20
6.063336399500000011e-21
9.376133576000000398e-24
1.208777194900000012e-23
1.527173775299999912e-23
1.024272259100000026e-22
6.831813265100000477e-24
1.249372795700000014e-25
1.159932287599999940e-23
9.953964757699999331e-24
-4.915779510700000013e-25
-4.162843323200000189e-26
2.401002260899999824e-25
-3.675276803199999855e-25
-3.828400804099999931e-25
-2.053278937300000005e-25
-1.965603906199999823e-24
-1.461135720900000044e-24
-1.110544887899999929e-24
-1.698519377099999871e-24
-3.257197490600000020e-25
-5.312229936300000446e-25
7.273485377799999452e-14
1.118107144299999961e-18
8.208770315599999895e-20
1.866916141499999951e-12
3.619333253900000186e-07
3.772477804899999770e-15
5.175219244399999936e-16
7.191398805299999980e-13
2.762277535300000071e-17
2.293417566399999875e-16
1.568975502599999931e-16
1.688173146299999930e-16
2.920507571799999956e-13
3.061248237300000005e-13
3.060406302000000277e-17
1.282971300299999972e-20
1.549877271300000094e-19
1.245563119099999931e-18
9.195022758000000273e-18
2.029153330500000071e-13
6.348080720199999912e-12
3.723251743699999794e-20
8.271060467499999767e-21
9.901549122400000491e-23
5.218840386299999905e-22
4.678199329600000188e-23
2.113791263399999930e-18
3.176418499800000000e-19
5.463693581100000319e-25
4.035932901499999848e-26
-2.267821278100000139e-24
-4.716243744900000327e-25
7.999746266000000471e-17
9.612945989300000403e-15
2.416368182300000158e-19
8.657466114499999992e-15
1.237787648500000091e-16
2.933056568800000141e-20
5.249367080500000074e-19
-3.410452361699999791e-25
7.220187653900000106e-25
-2.169167915099999884e-26
-1.519855136999999973e-24
-9.360254510700000447e-25
1.068966131300000057e-10
8.607333995599999963e-14
1.601006891499999875e-11
3.318874252499999855e-15
5.720958535300000271e-25
5.717696190700000284e-13
1.245346322800000119e-19
1.703975866600000055e-17
3.136106030699999982e-16
6.007831274799999792e-12
6.245411281100000570e-20
1.199331170599999904e-25
1.174703654800000060e-21
8.249683145299999663e-15
1.414834719099999992e-23
-1.391628912799999919e-24
1.505621946100000122e-26
1.482640883900000052e-12
-6.760425806299999860e-25
-2.115735293400000163e-24
-1.041920439400000033e-22
1.155358569299999915e-19
1.119320069900000036e-10
9.592147280300000356e-11
1.172541603000000031e-11
1.348353202199999965e-12
1.066288154099999987e-09
2.481607713899999811e-12
1.972004398500000082e-11
1.056244696899999987e-16
8.695924075199999474e-15
3.128935495700000004e-16
3.136357357899999914e-17
8.805996050199999732e-11
1.749194173900000084e-11
1.133776710800000120e-16
1.103438846499999931e-14
2.340229629599999960e-09
6.219831163699999781e-10
6.526524949400000376e-17
2.686091757499999996e-17
3.571009863100000216e-18
3.517221238599999836e-16
9.220598194399999256e-19
1.148350540200000072e-12
6.900692129200000036e-14
4.020397166899999953e-13
5.471332078099999813e-17
1.306755062300000007e-18
1.739902420199999905e-20
1.995130290000000013e-21
4.936821744899999771e-19
1.691201655000000039e-20
1.815446743499999814e-21
5.559975387299999527e-32
3.154739690400000168e-33
7.014968524900000006e-25
1.475641565200000106e-25
1.141137127800000026e-19
1.066683397900000087e-18
5.404976858599999762e-18
2.830151432999999987e-20
2.926456748199999840e-20
5.368903999399999695e-15
2.803895889300000192e-12
1.213869161799999915e-10
3.446213858700000110e-06
6.095155559400000516e-14
2.006726783299999974e-15
2.381477781599999997e-20
1.209933794299999888e-19
5.302496958099999971e-20
4.663690249199999536e-19
2.003541766499999923e-20
1.241407074500000053e-18
1.915119255799999814e-18
2.005650321199999905e-19
1.118696360899999995e-19
4.597755864800000065e-18
1.975752710199999916e-19
1.277272498400000017e-14
5.344617736400000199e-15
1.411050714900000000e-14
3.198299657999999998e-23
9.015283851000000225e-23
8.478015362499999988e-21
3.752732284000000213e-22
1.217859604800000030e-22
8.794133969199999552e-23
2.339890425899999845e-22
2.137199142500000137e-21
1.354531092499999888e-23
-6.478356417400000226e-24
8.243432041799999597e-23
-1.461569403200000142e-23
7.122146458999999675e-24
4.689119581400000074e-23
9.293165214300000508e-24
3.694531574999999925e-25
4.685832898599999560e-25
-1.021389017699999968e-23
-1.179894752199999973e-25
-9.239835004300000366e-25
-1.479903004800000129e-23
-2.511699641800000106e-25
-5.208933693600000148e-24
-1.317306908799999974e-24
-2.785639177999999798e-25
-9.440427308700000722e-25
-1.465001024700000050e-24
-7.954771257100000206e-25
-9.682647444799999319e-25
-7.767948587900000417e-25
1.927975154599999924e-25
2.772785247899999794e-26
-1.513444117699999898e-25
-1.279798186600000057e-25
-9.749994849299999356e-25
-4.552111347799999596e-25
-6.124886661000000334e-25
-4.249376885100000137e-25
1.543593202200000061e-15
1.848795335100000069e-14
2.620971887600000154e-14
3.724537050299999967e-15
7.028018139699999847e-15
5.009298953999999643e-16
-2.680975458900000214e-25
-7.439990868699999697e-25
-1.105949336100000015e-24
-4.827597762599999736e-25
1.929928847600000057e-26
-1.174942452500000094e-25
-3.910539935800000022e-25
-1.514186560400000035e-25
3.751931625699999780e-16
6.255992061399999908e-18
5.390253769400000229e-20
4.082222908999999990e-21
8.248838068399999969e-22
7.780109480400000585e-21
7.160758077900000197e-22
1.606970688199999889e-22
4.092634433199999948e-23
1.971178474399999924e-22
1.204676015699999926e-22
2.870863943899999716e-23
6.100439614900000180e-22
1.683607810900000059e-23
-1.415684243199999867e-26
-1.264768431999999929e-25
-1.185600205299999938e-23
-1.180282660399999945e-24
-2.822813972499999714e-23
2.578260649399999798e-25
-1.321317179600000010e-24
-6.345198043400000196e-25
-1.207757861400000025e-24
-4.911963058899999796e-25
-9.770467344699999283e-25
-4.422659228299999554e-25
3.601748523200000245e-18
3.030407238100000114e-18
4.951484441899999955e-18
2.720160398199999848e-19
-8.446925069099999090e-25
2.014151467999999901e-25
-9.487640690699999087e-25
-1.004885837000000054e-26
7.158249202200000354e-26
-1.458361611299999890e-22
1.851618650799999988e-21
3.092658194899999943e-23
2.460351745800000234e-19
-2.544529442199999912e-25
-9.768453656399999285e-25
1.511179865699999959e-19
-7.582026185299999552e-25
-1.198525180299999918e-24
1.360200007499999853e-23
1.243560420000000028e-21
5.848371825699999503e-23
5.653475358999999811e-22
6.484240974799999715e-23
1.217590393500000008e-23
1.826373846100000011e-23
2.362644580699999982e-23
1.022473320999999955e-22
1.440814967700000057e-22
1.020537327200000049e-23
4.298749963900000077e-23
5.644891128499999432e-23
4.384336415700000035e-23
1.283332443999999962e-23
7.751902514100000144e-23
-1.312878977699999947e-25
-5.190510292300000279e-25
-1.097735531400000063e-24
-1.059725299199999975e-24
-1.691162397800000162e-24
-8.443046045599999289e-25
-7.589277584199999877e-25
-3.574389434799999778e-25
6.821291361300000095e-26
-1.478628150600000054e-24
-3.000028231999999938e-25
6.970887801299999662e-28
-6.698387581299999823e-25
1.809820062000000030e-25
-3.311399122799999869e-26
-2.312543024000000018e-26
-7.109545967900000504e-26
-9.703755529599999292e-25
-3.484898565099999999e-25
-6.251980486199999921e-25
-4.398823595299999786e-25
1.129898507900000108e-16
6.741693072500000015e-18
5.040578573100000076e-17
3.145183225199999902e-17
1.529245293299999976e-16
4.565059418400000291e-17
-9.102045406600000068e-25
-6.760441662900000026e-25
-6.835180579399999638e-25
-5.346360162799999748e-25
-1.525334564599999987e-25
-5.887616949199999509e-26
-3.959540929600000078e-24
-4.393801143400000160e-25
-1.071602302000000078e-21
6.627527979799999879e-23
1.874553099499999917e-22
1.075514184499999919e-22
8.231952910000000494e-17
1.270843872099999993e-16
1.830696241799999914e-10
4.934543592099999850e-15
1.634304038600000063e-18
6.546149136199999788e-21
1.255721511099999977e-14
1.823990678400000178e-18
3.863408422900000006e-23
1.874926859400000184e-21
-1.181113591900000009e-24
-4.628095818099999776e-25
-1.934623886900000132e-24
-1.782226082700000093e-24
-2.264418688399999936e-24
-2.380248688200000071e-24
1.429182091399999966e-24
-6.899866216399999752e-26
-4.274006119499999844e-25
8.855887244700000656e-25
5.002433152000000051e-24
3.969585316399999987e-23
9.676725782699999877e-23
1.182298044300000013e-24
-2.347552772000000059e-26
5.848835666500000233e-24
3.813517712100000086e-23
1.162079252199999912e-25
-1.794860584599999963e-23
-5.617095332199999831e-21
5.237010931599999888e-21
-1.138048699200000096e-19
-5.949323419500000536e-20
-4.595331056399999845e-21
-1.127922058999999976e-20
-4.362440262199999751e-25
-3.634635543399999777e-25
2.575731803199999859e-25
3.334142250200000087e-25
-5.044592993699999810e-25
-6.553371545800000449e-25
2.833068659800000043e-26
2.077981483599999935e-25
-1.563001343999999933e-24
-6.457276570300000169e-25
-3.561931837700000090e-25
-1.454915086699999936e-24
-5.955436671600000138e-25
-8.644496038600000436e-25
-4.538151687399999948e-25
-9.819241969300000807e-25
-2.937625476499999988e-25
-4.218212318600000099e-25
-1.046357400000000033e-24
-9.180504937700000119e-25
6.947934818299999525e-21
1.073261914200000044e-20
3.951863466899999987e-24
9.631795094499999525e-24
-4.892277848999999591e-22
1.111607520700000087e-21
1.957864481100000148e-21
2.094126418000000019e-22
3.633659043499999949e-22
1.943141614800000030e-22
4.657863201700000118e-16
4.665531571800000348e-16
1.004826501799999975e-15
2.329850345000000118e-15
1.548668360900000069e-13
8.299936767599999558e-14
9.639736148500000543e-15
5.737437422300000172e-09
3.483606761999999957e-10
-2.892462814199999833e-23
3.251045403500000178e-24
-2.459349534500000122e-24
-4.162106002000000035e-24
-2.200068329199999827e-24
7.875610533199999370e-24
1.238819070400000007e-23
4.694728485399999723e-23
1.333939695100000059e-24
-1.227532120699999937e-23
1.119891319199999947e-23
3.942266363199999829e-23
-2.076142877400000118e-23
-9.655730070499999948e-24
-1.357862282700000081e-23
2.436357592399999894e-24
3.858624123799999758e-23
4.902038055500000124e-24
-5.961571221899999981e-24
-2.926798388300000210e-23
4.365606154000000037e-23
-3.383880110099999719e-24
-5.293822098700000254e-24
-6.753893500500000042e-25
-2.321009523300000156e-25
2.962926281599999783e-25
-4.143089829300000279e-23
-1.231383955899999977e-24
-2.871938383600000199e-25
4.176073002000000225e-25
-8.207433404999999592e-23
-1.115096840200000048e-24
-1.363406350499999978e-24
-3.102129205899999960e-24
5.138505913499999761e-24
-5.220293331100000399e-25
-1.154613638600000073e-24
-6.536507788199999794e-24
4.206538690899999602e-25
-1.923614577299999868e-24
-1.570423275400000053e-24
-6.131465185600000349e-25
-1.436248896199999968e-24
-8.609537225800000436e-25
-2.453800462300000006e-25
-5.534059124099999737e-25
3.089530678700000038e-26
-1.026608049800000061e-24
-8.050092653400000284e-25
-7.824147087699999831e-25
-8.795162939199999294e-25
-1.626234914099999964e-25
-1.954295007099999985e-25
-2.566000439800000164e-25
-2.160448257699999932e-25
-1.039750226299999968e-25
-5.377813225899999549e-25
-6.498301287700000401e-25
-2.785974895399999946e-25
5.115344066199999743e-19
1.545300225999999853e-17
2.824745623699999935e-18
1.777347818200000013e-18
5.016845065699999823e-18
5.225927555900000038e-19
2.482152420999999825e-18
5.703628463299999924e-18
5.081548517099999651e-19
-8.838782061300000643e-25
1.378080631499999924e-25
-1.785428218099999870e-24
-8.407548834699999249e-25
-1.144154399099999993e-24
-5.656119920399999930e-26
3.608906373699999663e-24
-1.145642326900000060e-23
-1.621150486800000052e-25
-3.342551187399999727e-24
1.746786836600000127e-21
4.107280709300000032e-24
1.369269258700000059e-19
-8.990897893199999994e-24
1.805513015400000166e-24
7.373143823999999623e-23
3.265137317400000257e-23
8.586126220200000348e-24
9.558375241399999763e-14
7.585819090600000391e-19
8.322207526199999844e-11
1.694544728200000119e-14
2.583832771699999900e-15
7.538248122200000305e-21
4.399582876700000022e-19
7.265882864099999718e-13
2.797262727499999849e-17
1.346360102000000120e-16
4.908659313900000026e-16
1.601474649700000013e-17
2.895118504599999921e-19
3.507848438399999998e-17
2.166583761899999958e-19
1.820523983899999930e-19
5.981058925699999956e-21
2.420405775500000153e-12
2.982035913899999912e-15
5.174991851300000140e-16
1.618648270999999901e-14
2.308976604599999982e-25
1.887585006800000075e-24
-2.241491212000000177e-25
3.038507311400000104e-25
4.816316566900000235e-21
1.714747786199999875e-17
9.908723948100000176e-21
2.746060272200000067e-18
-7.090692166199999441e-26
-2.732482105200000203e-25
-9.492166045599999405e-25
-9.099777843600000012e-27
6.044182175099999660e-21
1.295170105700000079e-22
9.164556072799999904e-23
1.705390049099999913e-15
7.113164078799999791e-19
4.176430672399999936e-19
9.329114868999999618e-18
8.251100610800000379e-23
5.930731976899999590e-23
6.221178086100000070e-16
3.947236512299999977e-20
7.113120185899999691e-20
8.527614746000000570e-20
1.160616175099999960e-23
8.523873912899999587e-26
3.265711668800000023e-25
1.888112445799999923e-17
2.078938970000000116e-22
8.267120394799999852e-22
1.079724425400000005e-19
-2.189564654099999993e-25
-4.508727527899999668e-24
7.224692869499999348e-18
5.014073048899999921e-23
3.974187236599999757e-23
3.283167290800000084e-27
6.808589744099999812e-12
3.456567308200000309e-14
3.411624260200000067e-12
2.876325076199999865e-15
1.719583088599999938e-15
2.873998909300000193e-16
3.181834792200000142e-16
-9.722645246400000495e-25
-6.877746662299999978e-25
-7.401872888800000270e-25
9.527708793099999474e-21
3.033561658800000030e-25
2.435641322800000027e-25
7.901303361699999649e-22
-1.551787160499999886e-25
-1.368393948800000101e-25
-7.882163255800000203e-26
1.602932004299999996e-06
7.468923828600000404e-08
4.204275868499999893e-07
