1.051066039654527939e+00
1.013250000000000000e+06
1.524226440294723716e+03
2.751735567962312109e-03
1.260483009929382406e-02
6.117662404952511207e-02
7.024264337911884093e-02
4.619482482879996854e-02
7.609865416541732042e-02
2.644351591167282481e-02
6.431981322079168006e-02
1.723154312688846002e-02
5.027070940199691862e-02
9.016917740890991947e-03
5.568643532899008458e-02
6.475615926920032239e-02
9.010683253404009815e-03
5.854314633256740841e-02
1.661234477502801857e-02
8.077862617650995170e-02
1.214874582924915444e-02
7.561772305803964034e-02
2.859429698830643490e-02
7.409385683935217071e-02
8.780617065699471147e-02
