2.382728466485578345e+00
1.013250000000000000e+06
1.351081455831330004e+03
0.000000000000000000e+00
0.000000000000000000e+00
6.362747384200722056e-01
1.214606078042428094e-01
2.422646537756847629e-01
0.000000000000000000e+00
0.000000000000000000e+00
0.000000000000000000e+00
0.000000000000000000e+00
0.000000000000000000e+00
0.000000000000000000e+00
0.000000000000000000e+00
0.000000000000000000e+00
0.000000000000000000e+00
0.000000000000000000e+00
0.000000000000000000e+00
0.000000000000000000e+00
0.000000000000000000e+00
0.000000000000000000e+00
0.000000000000000000e+00
0.000000000000000000e+00
0.000000000000000000e+00
