iter 	 t 	 dt 	 Density[kg/m3] 	 Pressure[Pascal] 	 Temperature[K] 	A 	B 	C 	
-1 	 0.0000000000e+00 	  1.0000000000e-01 	 0.0000000000e+00 	1.0125330000e+05 	2.7250000000e+02 	1.0000000000e+00 	0.0000000000e+00 	0.0000000000e+00 	
0 	 1.0230000000e-17 	  1.0240000000e-17 	 0.0000000000e+00 	1.0125330000e+05 	2.7250000000e+02 	1.0000000000e+00 	1.1331272023e-17 	3.0814433365e-36 	
1 	 1.0485750000e-14 	  1.0485760000e-14 	 0.0000000000e+00 	1.0125330000e+05 	2.7250000000e+02 	1.0000000000e+00 	1.1614553824e-14 	2.0251115448e-30 	
2 	 1.0737418230e-11 	  1.0737418240e-11 	 0.0000000000e+00 	1.0125330000e+05 	2.7250000000e+02 	9.9999999999e-01 	1.1893314447e-11 	2.1234861995e-24 	
3 	 1.0995116278e-08 	  1.0995116278e-08 	 0.0000000000e+00 	1.0125330000e+05 	2.7250000000e+02 	9.9999998782e-01 	1.2178753928e-08 	2.2266366597e-18 	
4 	 1.1258999068e-05 	  1.1258999068e-05 	 0.0000000000e+00 	1.0125330000e+05 	2.7250000000e+02 	9.9998752903e-01 	1.2470964003e-05 	2.3347874285e-12 	
5 	 5.7646075230e-03 	  1.4411518808e-03 	 0.0000000000e+00 	1.0125330000e+05 	2.7250000000e+02 	9.9363516682e-01 	6.3642224870e-03 	6.1069767845e-07 	
6 	 2.8823037615e-02 	  2.8823037615e-03 	 0.0000000000e+00 	1.0125330000e+05 	2.7250000000e+02 	9.6857836854e-01 	3.1406496797e-02 	1.5134665102e-05 	
7 	 8.0704505322e-02 	  5.7646075230e-03 	 0.0000000000e+00 	1.0125330000e+05 	2.7250000000e+02 	9.1448653048e-01 	8.5397110795e-02 	1.1635872049e-04 	
8 	 1.7870283321e-01 	  1.1529215046e-02 	 0.0000000000e+00 	1.0125330000e+05 	2.7250000000e+02 	8.2041814991e-01 	1.7903175479e-01 	5.5009530368e-04 	
9 	 3.1705341377e-01 	  2.3058430092e-02 	 0.0000000000e+00 	1.0125330000e+05 	2.7250000000e+02 	7.0385187838e-01 	2.9450164663e-01 	1.6464749942e-03 	
10 	 5.4763771469e-01 	  2.3058430092e-02 	 0.0000000000e+00 	1.0125330000e+05 	2.7250000000e+02 	5.4520081632e-01 	4.5027059266e-01 	4.5285910205e-03 	
11 	 8.7045573598e-01 	  4.6116860184e-02 	 0.0000000000e+00 	1.0125330000e+05 	2.7250000000e+02 	3.8128941378e-01 	6.0844543380e-01 	1.0265152417e-02 	
12 	 1.3316243378e+00 	  4.6116860184e-02 	 0.0000000000e+00 	1.0125330000e+05 	2.7250000000e+02 	2.2876392417e-01 	7.5044890982e-01 	2.0787166003e-02 	
13 	 1.7927929397e+00 	  4.6116860184e-02 	 0.0000000000e+00 	1.0125330000e+05 	2.7250000000e+02 	1.3725252030e-01 	8.2978168726e-01 	3.2965792442e-02 	
14 	 2.2539615415e+00 	  4.6116860184e-02 	 0.0000000000e+00 	1.0125330000e+05 	2.7250000000e+02 	8.2348011803e-02 	8.7160291872e-01 	4.6049069480e-02 	
15 	 2.7151301433e+00 	  4.6116860184e-02 	 0.0000000000e+00 	1.0125330000e+05 	2.7250000000e+02 	4.9406706946e-02 	8.9100609536e-01 	5.9587197692e-02 	
16 	 3.1762987452e+00 	  4.6116860184e-02 	 0.0000000000e+00 	1.0125330000e+05 	2.7250000000e+02 	2.9642764139e-02 	8.9704558890e-01 	7.3311646964e-02 	
17 	 3.6374673470e+00 	  4.6116860184e-02 	 0.0000000000e+00 	1.0125330000e+05 	2.7250000000e+02 	1.7784902499e-02 	8.9515247372e-01 	8.7062623781e-02 	
18 	 4.0986359489e+00 	  4.6116860184e-02 	 0.0000000000e+00 	1.0125330000e+05 	2.7250000000e+02 	1.0670487928e-02 	8.8858395831e-01 	1.0074555376e-01 	
19 	 4.5598045507e+00 	  4.6116860184e-02 	 0.0000000000e+00 	1.0125330000e+05 	2.7250000000e+02 	6.4020206253e-03 	8.7929300680e-01 	1.1430497258e-01 	
20 	 5.0209731526e+00 	  4.6116860184e-02 	 0.0000000000e+00 	1.0125330000e+05 	2.7250000000e+02 	3.8410491033e-03 	8.6845008939e-01 	1.2770886151e-01 	
21 	 5.4821417544e+00 	  4.6116860184e-02 	 0.0000000000e+00 	1.0125330000e+05 	2.7250000000e+02 	2.3045315030e-03 	8.5675621906e-01 	1.4093924943e-01 	
22 	 5.9433103562e+00 	  4.6116860184e-02 	 0.0000000000e+00 	1.0125330000e+05 	2.7250000000e+02 	1.3826601289e-03 	8.4463076530e-01 	1.5398657457e-01 	
23 	 6.4044789581e+00 	  4.6116860184e-02 	 0.0000000000e+00 	1.0125330000e+05 	2.7250000000e+02 	8.2956081513e-04 	8.3232413724e-01 	1.6684630195e-01 	
24 	 6.8656475599e+00 	  4.6116860184e-02 	 0.0000000000e+00 	1.0125330000e+05 	2.7250000000e+02 	4.9771533264e-04 	8.1998539039e-01 	1.7951689428e-01 	
25 	 7.3268161618e+00 	  4.6116860184e-02 	 0.0000000000e+00 	1.0125330000e+05 	2.7250000000e+02 	2.9861650626e-04 	8.0770278872e-01 	1.9199859478e-01 	
26 	 7.7879847636e+00 	  4.6116860184e-02 	 0.0000000000e+00 	1.0125330000e+05 	2.7250000000e+02 	1.7916228809e-04 	7.9552814054e-01 	2.0429269718e-01 	
27 	 8.2491533655e+00 	  4.6116860184e-02 	 0.0000000000e+00 	1.0125330000e+05 	2.7250000000e+02 	1.0749280364e-04 	7.8349139916e-01 	2.1640110803e-01 	
28 	 8.7103219673e+00 	  4.6116860184e-02 	 0.0000000000e+00 	1.0125330000e+05 	2.7250000000e+02 	6.4492940778e-05 	7.7160942268e-01 	2.2832608438e-01 	
29 	 9.1714905691e+00 	  4.6116860184e-02 	 0.0000000000e+00 	1.0125330000e+05 	2.7250000000e+02 	3.8694119692e-05 	7.5989122932e-01 	2.4007007656e-01 	
30 	 9.6326591710e+00 	  4.6116860184e-02 	 0.0000000000e+00 	1.0125330000e+05 	2.7250000000e+02 	2.3215484992e-05 	7.4834115026e-01 	2.5163563425e-01 	
31 	 1.0093827773e+01 	  4.6116860184e-02 	 0.0000000000e+00 	1.0125330000e+05 	2.7250000000e+02 	1.3928698926e-05 	7.3696072103e-01 	2.6302535027e-01 	
32 	 1.0554996375e+01 	  4.6116860184e-02 	 0.0000000000e+00 	1.0125330000e+05 	2.7250000000e+02 	8.3568641298e-06 	7.2574981599e-01 	2.7424182715e-01 	
33 	 1.1016164977e+01 	  4.6116860184e-02 	 0.0000000000e+00 	1.0125330000e+05 	2.7250000000e+02 	5.0139053512e-06 	7.1470732878e-01 	2.8528765731e-01 	
34 	 1.1477333578e+01 	  4.6116860184e-02 	 0.0000000000e+00 	1.0125330000e+05 	2.7250000000e+02 	3.0082153402e-06 	7.0383158035e-01 	2.9616541143e-01 	
35 	 1.1938502180e+01 	  4.6116860184e-02 	 0.0000000000e+00 	1.0125330000e+05 	2.7250000000e+02 	1.8048524851e-06 	6.9312056348e-01 	3.0687763166e-01 	
36 	 1.2399670782e+01 	  4.6116860184e-02 	 0.0000000000e+00 	1.0125330000e+05 	2.7250000000e+02 	1.0828654616e-06 	6.8257208928e-01 	3.1742682786e-01 	
37 	 1.2860839384e+01 	  4.6116860184e-02 	 0.0000000000e+00 	1.0125330000e+05 	2.7250000000e+02 	6.4969166043e-07 	6.7218387483e-01 	3.2781547548e-01 	
38 	 1.3460358566e+01 	  9.2233720369e-02 	 0.0000000000e+00 	1.0125330000e+05 	2.7250000000e+02 	3.3437767994e-07 	6.5891495831e-01 	3.4108470731e-01 	
39 	 1.4382695770e+01 	  9.2233720369e-02 	 0.0000000000e+00 	1.0125330000e+05 	2.7250000000e+02 	1.2032634635e-07 	6.3901062438e-01 	3.6098925529e-01 	
40 	 1.5305032974e+01 	  9.2233720369e-02 	 0.0000000000e+00 	1.0125330000e+05 	2.7250000000e+02 	4.3299629416e-08 	6.1970742721e-01 	3.8029252949e-01 	
41 	 1.6297266694e+01 	  1.0000000000e-01 	 0.0000000000e+00 	1.0125330000e+05 	2.7250000000e+02 	1.4419068316e-08 	5.9959191216e-01 	4.0040807342e-01 	
42 	 1.7297266694e+01 	  1.0000000000e-01 	 0.0000000000e+00 	1.0125330000e+05 	2.7250000000e+02 	4.7604615387e-09 	5.7997950642e-01 	4.2002048882e-01 	
43 	 1.8297266694e+01 	  1.0000000000e-01 	 0.0000000000e+00 	1.0125330000e+05 	2.7250000000e+02 	1.5716684022e-09 	5.6100860840e-01 	4.3899139002e-01 	
44 	 1.9297266694e+01 	  1.0000000000e-01 	 0.0000000000e+00 	1.0125330000e+05 	2.7250000000e+02 	5.1888699159e-10 	5.4265823889e-01 	4.5734176059e-01 	
45 	 2.0297266694e+01 	  1.0000000000e-01 	 0.0000000000e+00 	1.0125330000e+05 	2.7250000000e+02 	1.7131076102e-10 	5.2490810204e-01 	4.7509189778e-01 	
46 	 2.1297266694e+01 	  1.0000000000e-01 	 0.0000000000e+00 	1.0125330000e+05 	2.7250000000e+02 	5.6558320628e-11 	5.0773856495e-01 	4.9226143499e-01 	
47 	 2.2297266694e+01 	  1.0000000000e-01 	 0.0000000000e+00 	1.0125330000e+05 	2.7250000000e+02 	1.8672753616e-11 	4.9113063658e-01 	5.0886936340e-01 	
48 	 2.3297266694e+01 	  1.0000000000e-01 	 0.0000000000e+00 	1.0125330000e+05 	2.7250000000e+02 	6.1648175501e-12 	4.7506594697e-01 	5.2493405302e-01 	
49 	 2.4297266694e+01 	  1.0000000000e-01 	 0.0000000000e+00 	1.0125330000e+05 	2.7250000000e+02 	2.0353171368e-12 	4.5952672703e-01 	5.4047327297e-01 	
50 	 2.5297266694e+01 	  1.0000000000e-01 	 0.0000000000e+00 	1.0125330000e+05 	2.7250000000e+02 	6.7196081856e-13 	4.4449578884e-01 	5.5550421116e-01 	
51 	 2.6297266694e+01 	  1.0000000000e-01 	 0.0000000000e+00 	1.0125330000e+05 	2.7250000000e+02 	2.2184815011e-13 	4.2995650672e-01 	5.7004349328e-01 	
52 	 2.7297266694e+01 	  1.0000000000e-01 	 0.0000000000e+00 	1.0125330000e+05 	2.7250000000e+02 	7.3243261137e-14 	4.1589279878e-01 	5.8410720122e-01 	
53 	 2.8297266694e+01 	  1.0000000000e-01 	 0.0000000000e+00 	1.0125330000e+05 	2.7250000000e+02 	2.4181293823e-14 	4.0228910920e-01 	5.9771089080e-01 	
54 	 2.9297266694e+01 	  1.0000000000e-01 	 0.0000000000e+00 	1.0125330000e+05 	2.7250000000e+02 	7.9834644429e-15 	3.8913039094e-01 	6.1086960906e-01 	
55 	 3.0297266694e+01 	  1.0000000000e-01 	 0.0000000000e+00 	1.0125330000e+05 	2.7250000000e+02 	2.6357441821e-15 	3.7640208916e-01 	6.2359791084e-01 	
56 	 3.1297266694e+01 	  1.0000000000e-01 	 0.0000000000e+00 	1.0125330000e+05 	2.7250000000e+02 	8.7019206301e-16 	3.6409012513e-01 	6.3590987487e-01 	
57 	 3.2297266694e+01 	  1.0000000000e-01 	 0.0000000000e+00 	1.0125330000e+05 	2.7250000000e+02 	2.8729427980e-16 	3.5218088059e-01 	6.4781911941e-01 	
58 	 3.3297266694e+01 	  1.0000000000e-01 	 0.0000000000e+00 	1.0125330000e+05 	2.7250000000e+02 	9.4850328694e-17 	3.4066118274e-01 	6.5933881726e-01 	
59 	 3.4297266694e+01 	  1.0000000000e-01 	 0.0000000000e+00 	1.0125330000e+05 	2.7250000000e+02 	3.1314876369e-17 	3.2951828967e-01 	6.7048171033e-01 	
60 	 3.5297266694e+01 	  1.0000000000e-01 	 0.0000000000e+00 	1.0125330000e+05 	2.7250000000e+02 	1.0338619755e-17 	3.1873987625e-01 	6.8126012375e-01 	
61 	 3.6297266694e+01 	  1.0000000000e-01 	 0.0000000000e+00 	1.0125330000e+05 	2.7250000000e+02 	3.4132997104e-18 	3.0831402048e-01 	6.9168597952e-01 	
62 	 3.7297266694e+01 	  1.0000000000e-01 	 0.0000000000e+00 	1.0125330000e+05 	2.7250000000e+02 	1.1269023515e-18 	2.9822919034e-01 	7.0177080966e-01 	
63 	 3.8297266694e+01 	  1.0000000000e-01 	 0.0000000000e+00 	1.0125330000e+05 	2.7250000000e+02 	3.7204729073e-19 	2.8847423103e-01 	7.1152576897e-01 	
64 	 3.9297266694e+01 	  1.0000000000e-01 	 0.0000000000e+00 	1.0125330000e+05 	2.7250000000e+02 	1.2283157131e-19 	2.7903835259e-01 	7.2096164741e-01 	
65 	 4.0297266694e+01 	  1.0000000000e-01 	 0.0000000000e+00 	1.0125330000e+05 	2.7250000000e+02 	4.0552895523e-20 	2.6991111802e-01 	7.3008888198e-01 	
66 	 4.1297266694e+01 	  1.0000000000e-01 	 0.0000000000e+00 	1.0125330000e+05 	2.7250000000e+02 	1.3388555709e-20 	2.6108243169e-01 	7.3891756831e-01 	
67 	 4.2297266694e+01 	  1.0000000000e-01 	 0.0000000000e+00 	1.0125330000e+05 	2.7250000000e+02 	4.4202373629e-21 	2.5254252822e-01 	7.4745747178e-01 	
68 	 4.3297266694e+01 	  1.0000000000e-01 	 0.0000000000e+00 	1.0125330000e+05 	2.7250000000e+02 	1.4593432456e-21 	2.4428196162e-01 	7.5571803838e-01 	
69 	 4.4297266694e+01 	  1.0000000000e-01 	 0.0000000000e+00 	1.0125330000e+05 	2.7250000000e+02 	4.8180279335e-22 	2.3629159490e-01 	7.6370840510e-01 	
70 	 4.5297266694e+01 	  1.0000000000e-01 	 0.0000000000e+00 	1.0125330000e+05 	2.7250000000e+02 	1.5906739720e-22 	2.2856258993e-01 	7.7143741007e-01 	
71 	 4.6297266694e+01 	  1.0000000000e-01 	 0.0000000000e+00 	1.0125330000e+05 	2.7250000000e+02 	5.2516168882e-23 	2.2108639767e-01 	7.7891360233e-01 	
72 	 4.7297266694e+01 	  1.0000000000e-01 	 0.0000000000e+00 	1.0125330000e+05 	2.7250000000e+02 	1.7338235532e-23 	2.1385474871e-01 	7.8614525129e-01 	
73 	 4.8297266694e+01 	  1.0000000000e-01 	 0.0000000000e+00 	1.0125330000e+05 	2.7250000000e+02 	5.7242258464e-24 	2.0685964414e-01 	7.9314035586e-01 	
74 	 4.9297266694e+01 	  1.0000000000e-01 	 0.0000000000e+00 	1.0125330000e+05 	2.7250000000e+02 	1.8898556071e-24 	2.0009334668e-01 	7.9990665332e-01 	
75 	 5.0297266694e+01 	  1.0000000000e-01 	 0.0000000000e+00 	1.0125330000e+05 	2.7250000000e+02 	6.2393654319e-25 	1.9354837215e-01 	8.0645162785e-01 	
76 	 5.1297266694e+01 	  1.0000000000e-01 	 0.0000000000e+00 	1.0125330000e+05 	2.7250000000e+02 	2.0599292891e-25 	1.8721748115e-01 	8.1278251885e-01 	
77 	 5.2297266694e+01 	  1.0000000000e-01 	 0.0000000000e+00 	1.0125330000e+05 	2.7250000000e+02 	6.8008642303e-26 	1.8109367111e-01 	8.1890632889e-01 	
78 	 5.3297266694e+01 	  1.0000000000e-01 	 0.0000000000e+00 	1.0125330000e+05 	2.7250000000e+02 	2.2453046871e-26 	1.7517016847e-01 	8.2482983153e-01 	
79 	 5.4297266694e+01 	  1.0000000000e-01 	 0.0000000000e+00 	1.0125330000e+05 	2.7250000000e+02 	7.4129004319e-27 	1.6944042128e-01 	8.3055957872e-01 	
80 	 5.5297266694e+01 	  1.0000000000e-01 	 0.0000000000e+00 	1.0125330000e+05 	2.7250000000e+02 	2.4474015973e-27 	1.6389809186e-01 	8.3610190814e-01 	
81 	 5.6297266694e+01 	  1.0000000000e-01 	 0.0000000000e+00 	1.0125330000e+05 	2.7250000000e+02 	8.0803706468e-28 	1.5853704985e-01 	8.4146295015e-01 	
82 	 5.7297266694e+01 	  1.0000000000e-01 	 0.0000000000e+00 	1.0125330000e+05 	2.7250000000e+02 	2.6679395944e-28 	1.5335136541e-01 	8.4664863459e-01 	
83 	 5.8297266694e+01 	  1.0000000000e-01 	 0.0000000000e+00 	1.0125330000e+05 	2.7250000000e+02 	8.8081226374e-29 	1.4833530267e-01 	8.5166469733e-01 	
84 	 5.9297266694e+01 	  1.0000000000e-01 	 0.0000000000e+00 	1.0125330000e+05 	2.7250000000e+02 	2.9063295479e-29 	1.4348331336e-01 	8.5651668664e-01 	
85 	 6.0297266694e+01 	  1.0000000000e-01 	 0.0000000000e+00 	1.0125330000e+05 	2.7250000000e+02 	9.5893646842e-30 	1.3879003072e-01 	8.6120996928e-01 	
86 	 6.1297266694e+01 	  1.0000000000e-01 	 0.0000000000e+00 	1.0125330000e+05 	2.7250000000e+02 	3.1735473624e-30 	1.3425026349e-01 	8.6574973651e-01 	
87 	 6.2297266694e+01 	  1.0000000000e-01 	 0.0000000000e+00 	1.0125330000e+05 	2.7250000000e+02 	1.0226086152e-30 	1.2985899027e-01 	8.7014100973e-01 	
88 	 6.3297266694e+01 	  1.0000000000e-01 	 0.0000000000e+00 	1.0125330000e+05 	2.7250000000e+02 	3.4159978682e-31 	1.2561135386e-01 	8.7438864614e-01 	
89 	 6.4297266694e+01 	  1.0000000000e-01 	 0.0000000000e+00 	1.0125330000e+05 	2.7250000000e+02 	1.1725901745e-31 	1.2150265597e-01 	8.7849734403e-01 	
90 	 6.5297266694e+01 	  1.0000000000e-01 	 0.0000000000e+00 	1.0125330000e+05 	2.7250000000e+02 	1.9048650856e-33 	1.1752835196e-01 	8.8247164804e-01 	
91 	 6.6297266694e+01 	  1.0000000000e-01 	 0.0000000000e+00 	1.0125330000e+05 	2.7250000000e+02 	1.1669931757e-32 	1.1368404588e-01 	8.8631595412e-01 	
92 	 6.7297266694e+01 	  1.0000000000e-01 	 0.0000000000e+00 	1.0125330000e+05 	2.7250000000e+02 	-5.3098490420e-33 	1.0996548553e-01 	8.9003451447e-01 	
93 	 6.8297266694e+01 	  1.0000000000e-01 	 0.0000000000e+00 	1.0125330000e+05 	2.7250000000e+02 	-1.5633134470e-32 	1.0636855782e-01 	8.9363144218e-01 	
94 	 6.9297266694e+01 	  1.0000000000e-01 	 0.0000000000e+00 	1.0125330000e+05 	2.7250000000e+02 	-9.1000189872e-33 	1.0288928420e-01 	8.9711071580e-01 	
95 	 7.0297266694e+01 	  1.0000000000e-01 	 0.0000000000e+00 	1.0125330000e+05 	2.7250000000e+02 	-7.8180718680e-33 	9.9523816256e-02 	9.0047618374e-01 	
96 	 7.1297266694e+01 	  1.0000000000e-01 	 0.0000000000e+00 	1.0125330000e+05 	2.7250000000e+02 	1.2681044978e-32 	9.6268431438e-02 	9.0373156856e-01 	
97 	 7.2297266694e+01 	  1.0000000000e-01 	 0.0000000000e+00 	1.0125330000e+05 	2.7250000000e+02 	6.4924903985e-33 	9.3119528975e-02 	9.0688047102e-01 	
98 	 7.3297266694e+01 	  1.0000000000e-01 	 0.0000000000e+00 	1.0125330000e+05 	2.7250000000e+02 	7.1500149185e-33 	9.0073625872e-02 	9.0992637413e-01 	
99 	 7.4297266694e+01 	  1.0000000000e-01 	 0.0000000000e+00 	1.0125330000e+05 	2.7250000000e+02 	3.3884329959e-33 	8.7127353058e-02 	9.1287264694e-01 	
100 	 7.5297266694e+01 	  1.0000000000e-01 	 0.0000000000e+00 	1.0125330000e+05 	2.7250000000e+02 	-9.1301116426e-33 	8.4277451668e-02 	9.1572254833e-01 	
101 	 7.6297266694e+01 	  1.0000000000e-01 	 0.0000000000e+00 	1.0125330000e+05 	2.7250000000e+02 	-4.8057970644e-33 	8.1520769429e-02 	9.1847923057e-01 	
102 	 7.7297266694e+01 	  1.0000000000e-01 	 0.0000000000e+00 	1.0125330000e+05 	2.7250000000e+02 	2.7083389843e-33 	7.8854257180e-02 	9.2114574282e-01 	
103 	 7.8297266694e+01 	  1.0000000000e-01 	 0.0000000000e+00 	1.0125330000e+05 	2.7250000000e+02 	2.3630257638e-32 	7.6274965496e-02 	9.2372503450e-01 	
104 	 7.9297266694e+01 	  1.0000000000e-01 	 0.0000000000e+00 	1.0125330000e+05 	2.7250000000e+02 	2.4332921141e-32 	7.3780041427e-02 	9.2621995857e-01 	
105 	 8.0297266694e+01 	  1.0000000000e-01 	 0.0000000000e+00 	1.0125330000e+05 	2.7250000000e+02 	2.7579918657e-32 	7.1366725341e-02 	9.2863327466e-01 	
106 	 8.1297266694e+01 	  1.0000000000e-01 	 0.0000000000e+00 	1.0125330000e+05 	2.7250000000e+02 	1.2885675034e-32 	6.9032347873e-02 	9.3096765213e-01 	
107 	 8.2297266694e+01 	  1.0000000000e-01 	 0.0000000000e+00 	1.0125330000e+05 	2.7250000000e+02 	4.6914449739e-33 	6.6774326973e-02 	9.3322567303e-01 	
108 	 8.3297266694e+01 	  1.0000000000e-01 	 0.0000000000e+00 	1.0125330000e+05 	2.7250000000e+02 	-2.5092008373e-32 	6.4590165046e-02 	9.3540983495e-01 	
109 	 8.4297266694e+01 	  1.0000000000e-01 	 0.0000000000e+00 	1.0125330000e+05 	2.7250000000e+02 	8.1917380122e-33 	6.2477446196e-02 	9.3752255380e-01 	
110 	 8.5297266694e+01 	  1.0000000000e-01 	 0.0000000000e+00 	1.0125330000e+05 	2.7250000000e+02 	1.3487528142e-32 	6.0433833547e-02 	9.3956616645e-01 	
111 	 8.6297266694e+01 	  1.0000000000e-01 	 0.0000000000e+00 	1.0125330000e+05 	2.7250000000e+02 	2.3658845661e-32 	5.8457066663e-02 	9.4154293334e-01 	
112 	 8.7297266694e+01 	  1.0000000000e-01 	 0.0000000000e+00 	1.0125330000e+05 	2.7250000000e+02 	9.7048813604e-33 	5.6544959044e-02 	9.4345504096e-01 	
113 	 8.8297266694e+01 	  1.0000000000e-01 	 0.0000000000e+00 	1.0125330000e+05 	2.7250000000e+02 	6.1840406808e-34 	5.4695395712e-02 	9.4530460429e-01 	
114 	 8.9297266694e+01 	  1.0000000000e-01 	 0.0000000000e+00 	1.0125330000e+05 	2.7250000000e+02 	-8.7178422639e-33 	5.2906330868e-02 	9.4709366913e-01 	
115 	 9.0297266694e+01 	  1.0000000000e-01 	 0.0000000000e+00 	1.0125330000e+05 	2.7250000000e+02 	5.5972339009e-34 	5.1175785631e-02 	9.4882421437e-01 	
116 	 9.1297266694e+01 	  1.0000000000e-01 	 0.0000000000e+00 	1.0125330000e+05 	2.7250000000e+02 	-4.6748940134e-33 	4.9501845846e-02 	9.5049815415e-01 	
117 	 9.2297266694e+01 	  1.0000000000e-01 	 0.0000000000e+00 	1.0125330000e+05 	2.7250000000e+02 	-6.6625139014e-33 	4.7882659972e-02 	9.5211734003e-01 	
118 	 9.3297266694e+01 	  1.0000000000e-01 	 0.0000000000e+00 	1.0125330000e+05 	2.7250000000e+02 	-1.2544123396e-32 	4.6316437030e-02 	9.5368356297e-01 	
119 	 9.4297266694e+01 	  1.0000000000e-01 	 0.0000000000e+00 	1.0125330000e+05 	2.7250000000e+02 	4.9412140136e-33 	4.4801444623e-02 	9.5519855538e-01 	
120 	 9.5297266694e+01 	  1.0000000000e-01 	 0.0000000000e+00 	1.0125330000e+05 	2.7250000000e+02 	6.5000135623e-34 	4.3336007021e-02 	9.5666399298e-01 	
121 	 9.6297266694e+01 	  1.0000000000e-01 	 0.0000000000e+00 	1.0125330000e+05 	2.7250000000e+02 	-1.4303039103e-32 	4.1918503306e-02 	9.5808149669e-01 	
122 	 9.7297266694e+01 	  1.0000000000e-01 	 0.0000000000e+00 	1.0125330000e+05 	2.7250000000e+02 	-7.8993220375e-33 	4.0547365579e-02 	9.5945263442e-01 	
123 	 9.8297266694e+01 	  1.0000000000e-01 	 0.0000000000e+00 	1.0125330000e+05 	2.7250000000e+02 	5.3926038443e-33 	3.9221077226e-02 	9.6077892277e-01 	
124 	 9.9297266694e+01 	  1.0000000000e-01 	 0.0000000000e+00 	1.0125330000e+05 	2.7250000000e+02 	-2.7098436171e-33 	3.7938171243e-02 	9.6206182876e-01 	
125 	 1.0000000000e+02 	  0.0000000000e+00 	 0.0000000000e+00 	1.0125330000e+05 	2.7250000000e+02 	1.9797205659e-33 	3.7061818719e-02 	9.6293818128e-01 	
