   0.0000000000000000          1.0000000000000000          1.0000000000000000          0.0000000000000000          0.0000000000000000          0.0000000000000000          0.0000000000000000     
   1.0000000000000000         0.33033393209449080         0.33033393096623359         0.65667264672715475         0.65667264782764401          1.2993421178354336E-002     1.2993421206122169E-002
   2.0000000000000000         0.10912050669300766         0.10912050594762233         0.85211441012372424         0.85211441081083161          3.8765083183268101E-002     3.8765083241545463E-002
   3.0000000000000000          3.6046206048044420E-002     3.6046205678889748E-002    0.89589854770613953         0.89589854800119118          6.8055246245815826E-002     6.8055246319918605E-002
   4.0000000000000000          1.1907284980938730E-002     1.1907284818389787E-002    0.89026462961698738         0.89026462969957576          9.7828085402073772E-002     9.7828085482033228E-002
   5.0000000000000000          3.9333802683231642E-003     3.9333802012910786E-003    0.86896362550141970         0.86896362548756934         0.12710299423025717         0.12710299431113770     
   6.0000000000000000          1.2993289704580741E-003     1.2993289440941052E-003    0.84312312341896534         0.84312312336566075         0.15557754761057652         0.15557754769024279     
   7.0000000000000000          4.2921244789570213E-004     4.2921243783887979E-004    0.81639814416923362         0.81639814410168765         0.18317264338287054         0.18317264346047077     
   8.0000000000000000          1.4178343561728905E-004     1.4178343185013013E-004    0.78997594635670632         0.78997594628523082         0.20988227020767614         0.20988227028291503     
   9.0000000000000000          4.6835879793325210E-005     4.6835878421417638E-005    0.76422926107381861         0.76422926100235933         0.23572390304638802         0.23572390311921443     
   10.000000000000000          1.5471480335234008E-005     1.5471479915168073E-005    0.73926238988905446         0.73926238981903725         0.26072213863061022         0.26072213870104233     
   11.000000000000000          5.1107549344604366E-006     5.1107547989845597E-006    0.71509157872131091         0.71509157865328044         0.28490331052375450         0.28490331059191554     
   12.000000000000000          1.6882557734716391E-006     1.6882557378402353E-006    0.69170458131076851         0.69170458124480760         0.30829373043345787         0.30829373049944958     
   13.000000000000000          5.5768816803211296E-007     5.5768815806248118E-007    0.66908031557291991         0.66908031550904468         0.33091912673891211         0.33091912680279278     
   14.000000000000000          1.8422332542862081E-007     1.8422334738848381E-007    0.64719533791500361         0.64719533785321814         0.35280447786167091         0.35280447792342989     
   15.000000000000000          6.0855215472359249E-008     6.0855188984633362E-008    0.62602596369451879         0.62602596363480012         0.37397397545026578         0.37397397551000500     
   16.000000000000000          2.0102542615441945E-008     2.0102503807869246E-008    0.60554895004695553         0.60554894998928710         0.39445102985050173         0.39445102990820313     
   17.000000000000000          6.6405519472560136E-009     6.6405174967134606E-009    0.58574170439202500         0.58574170433630368         0.41425828896742289         0.41425828902317341     
   18.000000000000000          2.1935996360148084E-009     2.1935753576628312E-009    0.56658233681325931         0.56658233675938086         0.43341766099314094         0.43341766104703805     
   19.000000000000000          7.2462039320581354E-010     7.2460643329912546E-010    0.54804966140330325         0.54804966135117628         0.45195033787207639         0.45195033792421180     
   20.000000000000000          2.3936670376353267E-010     2.3936019694581379E-010    0.53012318127280333         0.53012318122232027         0.46987681848782981         0.46987681853831381     
   21.000000000000000          7.9070944466704963E-011     7.9068394753163440E-011    0.51278306866771894         0.51278306861893941         0.48721693125320997         0.48721693130198662     
   22.000000000000000          2.6119816000111698E-011     2.6119028431453993E-011    0.49601014395915122         0.49601014391202380         0.50398985601472890         0.50398985606185098     
   23.000000000000000          8.6282615249015000E-012     8.6279154264863091E-012    0.47978585473312951         0.47978585468747587         0.52021414525824228         0.52021414530388943     
   24.000000000000000          2.8502075566603222E-012     2.8500767959067768E-012    0.46409225537036247         0.46409225532622256         0.53590774462678725         0.53590774467092062     
   25.000000000000000          9.4152026947703639E-013     9.4147207937152878E-013    0.44891198722984355         0.44891198718717507         0.55108801276921482         0.55108801281187625     
   26.000000000000000          3.1101609276301428E-013     3.1099855571201369E-013    0.43422825945947330         0.43422825941821624         0.56577174054021562         0.56577174058146518     
   27.000000000000000          1.0273916886707114E-013     1.0273215556018929E-013    0.42002483042736599         0.42002483038754279         0.57997516957253126         0.57997516961234796     
   28.000000000000000          3.3938233631979532E-014     3.3935820116721393E-014    0.40628598975821956         0.40628598971975183         0.59371401024174641         0.59371401028020798     
   29.000000000000000          1.1210950163993300E-014     1.1210111454249479E-014    0.39299654095650643         0.39299654091936520         0.60700345904348230         0.60700345908061704     
   30.000000000000000          3.7033572501872732E-015     3.7030558794431342E-015    0.38014178459780046         0.38014178456183922         0.61985821540219577         0.61985821543815089     
   31.000000000000000          1.2233445624050084E-015     1.2232321749988591E-015    0.36770750206982511         0.36770750203506480         0.63229249793017361         0.63229249796492748     
   32.000000000000000          4.0411221960565950E-016     4.0407515975439657E-016    0.35567993984529789         0.35567993981173818         0.64432006015470167         0.64432006018825483     
   33.000000000000000          1.3349197850976953E-016     1.3347862756176034E-016    0.34404579426919474         0.34404579423676079         0.65595420573080510         0.65595420576323171     
   34.000000000000000          4.4096930164205627E-017     4.4092702689830760E-017    0.33279219684361350         0.33279219681216088         0.66720780315638639         0.66720780318783179     
   35.000000000000000          1.4566712334438168E-017     1.4565200226664849E-017    0.32190669999396299         0.32190669996343457         0.67809330000603696         0.67809330003655832     
   36.000000000000000          4.8118793631243004E-018     4.8113313209070172E-018    0.31137726330073323         0.31137726327106846         0.68862273669926677         0.68862273672892516     
   37.000000000000000          1.5895270307851799E-018     1.5893406098332588E-018    0.30119224018161928         0.30119224015279533         0.69880775981838072         0.69880775984719901     
   38.000000000000000          5.2507471424974784E-019     5.2500700262275292E-019    0.29134036500926686         0.29134036498131782         0.70865963499073303         0.70865963501867646     
   39.000000000000000          1.7344999500151115E-019     1.7342626469808416E-019    0.28181074065039186         0.28181074062329858         0.71818925934960820         0.71818925937669520     
   40.000000000000000          5.7296418870618791E-020     5.7287836615356723E-020    0.27259282641248961         0.27259282638624904         0.72740717358751039         0.72740717361374496     
   41.000000000000000          1.8926951340464441E-020     1.8923971406856605E-020    0.26367642638480238         0.26367642635944022         0.73632357361519762         0.73632357364055434     
   42.000000000000000          6.2522142588567395E-021     6.2511140678396134E-021    0.25505167816064955         0.25505167813606289         0.74494832183935045         0.74494832186393134     
   43.000000000000000          2.0653185204253840E-021     2.0649467043841889E-021    0.24670904192864529         0.24670904190490286         0.75329095807135471         0.75329095809509117     
   44.000000000000000          6.8224478787969120E-022     6.8211959566579124E-022    0.23863928992073816         0.23863928989772382         0.76136071007926187         0.76136071010226913     
   45.000000000000000          2.2536860343127120E-022     2.2532491248792605E-022    0.23083349620540125         0.23083349618314625         0.76916650379459872         0.76916650381684659     
   46.000000000000000          7.4446896942095557E-023     7.4427071884135103E-023    0.22328302681468262         0.22328302679315309         0.77671697318531741         0.77671697320683974     
   47.000000000000000          2.4592336199115859E-023     2.4585812078731223E-023    0.21597953019419600         0.21597953017340532         0.78402046980580398         0.78402046982658757     
   48.000000000000000          8.1236831160436044E-024     8.1214419751408150E-024    0.20891492796548830         0.20891492794545963         0.79108507203451173         0.79108507205453371     
   49.000000000000000          2.6835281868123025E-024     2.6827110730705130E-024    0.20208140599056659         0.20208140597125493         0.79791859400943332         0.79791859402873844     
   50.000000000000000          8.8646041783611116E-025     8.8617708692484174E-025    0.19547140572870059         0.19547140571007476         0.80452859427129941         0.80452859428991852     
   51.000000000000000          2.9282795546992707E-025     2.9272945155192554E-025    0.18907761587594019         0.18907761585797375         0.81092238412405981         0.81092238414201934     
   52.000000000000000          9.6731009957571900E-026     9.6697312566348388E-026    0.18289296427810189         0.18289296426078730         0.81710703572189813         0.81710703573920562     
   53.000000000000000          3.1953534874755983E-026     3.1941501024982264E-026    0.17691061010827713         0.17691061009154618         0.82308938989172287         0.82308938990844738     
   54.000000000000000          1.0555336819496559E-026     1.0551078229370461E-026    0.17112393630021194         0.17112393628405279         0.82887606369978806         0.82887606371594114     
   55.000000000000000          3.4867859161660701E-027     3.4852831952503712E-027    0.16552654222918717         0.16552654221358168         0.83447345777081283         0.83447345778641258     
   56.000000000000000          1.1518037020588263E-027     1.1512729556437044E-027    0.16011223663230420         0.16011223661715232         0.83988776336769577         0.83988776338284166     
   57.000000000000000          3.8047984590208247E-028     3.8029735929613828E-028    0.15487503076034537         0.15487503074566561         0.84512496923965463         0.84512496925432767     
   58.000000000000000          1.2568540357954140E-028     1.2562148149138654E-028    0.14980913175363425         0.14980913173937976         0.85019086824636569         0.85019086826061319     
   59.000000000000000          4.1518153571312785E-029     4.1496216483448043E-029    0.14490893623456866         0.14490893622081905         0.85509106376543131         0.85509106377917421     
   60.000000000000000          1.3714854922514643E-029     1.3707381063925229E-029    0.14016902410973942         0.14016902409641505         0.85983097589026058         0.85983097590357715     
   61.000000000000000          4.5304819546597329E-030     4.5279280622794004E-030    0.13558415257477921         0.13558415256193274         0.86441584742522082         0.86441584743805899     
   62.000000000000000          1.4965719183659015E-030     1.4956889308426858E-030    0.13114925031531049         0.13114925030289287         0.86885074968468945         0.86885074969709897     
   63.000000000000000          4.9436848645600214E-031     4.9407612508478921E-031    0.12685941189757802         0.12685941188569635         0.87314058810242201         0.87314058811429507     
   64.000000000000000          1.6330668603461278E-031     1.6320438605099876E-031    0.12270989234256109         0.12270989233110970         0.87729010765743887         0.87729010766888227     
   65.000000000000000          5.3945739735133966E-032     5.3911841768141553E-032    0.11869610187756525         0.11869610186667684         0.88130389812243470         0.88130389813331611     
   66.000000000000000          1.7820108326452770E-032     1.7808329610077425E-032    0.11481360085948641         0.11481360084902179         0.88518639914051356         0.88518639915097141     
   67.000000000000000          5.8865864538269876E-033     5.8826382166442198E-033    0.11105809486413314         0.11105809485414467         0.88894190513586691         0.88894190514584870     
   68.000000000000000          1.9445392499068284E-033     1.9432189607122162E-033    0.10742542993617570         0.10742542992656445         0.89257457006382435         0.89257457007342866     
   69.000000000000000          6.4234729653379258E-034     6.4190848027719810E-034    0.10391158799446661         0.10391158798536344         0.89608841200553335         0.89608841201462963     
   70.000000000000000          2.1218910823427302E-034     2.1204103908829560E-034    0.10051268238765185         0.10051268237897024         0.89948731761234813         0.89948731762102196     
   71.000000000000000          7.0093262470650715E-035     7.0041603652116751E-035     9.7224953595155983E-002     9.7224953586838941E-002    0.90277504640484396         0.90277504641315309     
   72.000000000000000          2.3154183005261520E-035     2.3137032690986557E-035     9.4044765068786063E-002     9.4044765060906643E-002    0.90595523493121388         0.90595523493908570     
   73.000000000000000          7.6486123165634516E-036     7.6427556652251734E-036     9.0968599210355633E-002     9.0968599202815095E-002    0.90903140078964439         0.90903140079717681     
   74.000000000000000          2.5265961815967505E-036     2.5246627530231356E-036     8.7993053480878131E-002     8.7993053473673852E-002    0.91200694651912184         0.91200694652631731     
   75.000000000000000          8.3462045148177858E-037     8.3397315399524371E-037     8.5114836637027819E-002     8.5114836630156565E-002    0.91488516336297221         0.91488516336983405     
   76.000000000000000          2.7570345554445433E-037     2.7548723343969339E-037     8.2330765090704056E-002     8.2330765084180829E-002    0.91766923490929597         0.91766923491580976     
   77.000000000000000          9.1074206562038002E-038     9.0997678882882645E-038     7.9637759387672716E-002     7.9637759381425172E-002    0.92036224061232730         0.92036224061856575     
   78.000000000000000          3.0084900766024240E-038     3.0059632379724754E-038     7.7032840801390126E-002     7.7032840795384611E-002    0.92296715919860983         0.92296715920460737     
   79.000000000000000          9.9380635667133188E-039     9.9297194730218703E-039     7.4513128038241394E-002     7.4513128032456119E-002    0.92548687196175861         0.92548687196753543     
   80.000000000000000          3.2828796153974015E-039     3.2799887602137506E-039     7.2075834050548987E-002     7.2075834044893358E-002    0.92792416594945104         0.92792416595509841     
   81.000000000000000          1.0844465319470705E-039     1.0834694892723375E-039     6.9718262953826826E-002     6.9718262948314805E-002    0.93028173704617312         0.93028173705167649     
   82.000000000000000          3.5822948704430868E-040     3.5790713412185555E-040     6.7437807044869236E-002     6.7437807039562675E-002    0.93256219295513076         0.93256219296042886     
   83.000000000000000          1.1833535504754029E-040     1.1822922764562491E-040     6.5231943917377591E-002     6.5231943912260976E-002    0.93476805608262237         0.93476805608773073     
   84.000000000000000          3.9090183138651533E-041     3.9053535320916988E-041     6.3098233671933138E-002     6.3098233666962406E-002    0.93690176632806688         0.93690176633302946     
   85.000000000000000          1.2912813902484491E-041     1.2900405369173509E-041     6.1034316217230572E-002     6.1034316212444664E-002    0.93896568378276946         0.93896568378754730     
   86.000000000000000          4.2655405908120967E-042     4.2613729550590158E-042     5.9037908659587496E-002     5.9037908654972535E-002    0.94096209134041253         0.94096209134501885     
   87.000000000000000          1.4090527958716136E-042     1.4076491375060268E-042     5.7106802777841421E-002     5.7106802773449046E-002    0.94289319722215859         0.94289319722654197     
   88.000000000000000          4.6545795058900481E-043     4.6498155233602902E-043     5.5238862580842360E-002     5.5238862576664285E-002    0.94476113741915768         0.94476113742332679     
   89.000000000000000          1.5375655504271093E-043     1.5359484576433005E-043     5.3432021944838509E-002     5.3432021940852434E-002    0.94656797805516146         0.94656797805913817     
   90.000000000000000          5.0791007412561580E-044     5.0736458585386282E-044     5.1684282328142137E-002     5.1684282324347970E-002    0.94831571767185785         0.94831571767564249     
   91.000000000000000          1.6777993193631850E-044     1.6759565035574374E-044     4.9993710560548028E-002     4.9993710556935550E-002    0.95000628943945198         0.95000628944305521     
   92.000000000000000          5.5423404643069977E-045     5.5362353972944852E-045     4.8358436705058787E-002     4.8358436701687040E-002    0.95164156329494121         0.95164156329830352     
   93.000000000000000          1.8308231185809315E-045     1.8287214400804191E-045     4.6776651989552630E-002     4.6776651986444998E-002    0.95322334801044739         0.95322334801354569     
   94.000000000000000          6.0478299973034428E-046     6.0404901829646243E-046     4.5246606806105170E-002     4.5246606803120828E-002    0.95475339319389485         0.95475339319686925     
   95.000000000000000          1.9978034636482547E-046     1.9953598341313750E-046     4.3766608775752648E-002     4.3766608772961957E-002    0.95623339122424733         0.95623339122702833     
   96.000000000000000          6.5994227369891930E-047     6.5912457233515695E-047     4.2335020876556134E-002     4.2335020873928424E-002    0.95766497912344384         0.95766497912606141     
   97.000000000000000          2.1800132622634210E-047     2.1771782720844238E-047     4.0950259632895725E-002     4.0950259630378058E-002    0.95904974036710422         0.95904974036961210     
   98.000000000000000          7.2013235294161239E-048     7.1915991383605466E-048     3.9610793363992390E-002     3.9610793361530068E-002    0.96038920663600758         0.96038920663845995     
   99.000000000000000          2.3788415177566319E-048     2.3755576144514448E-048     3.8315140489719866E-002     3.8315140487323589E-002    0.96168485951028015         0.96168485951266713     
   100.00000000000000          7.8581207239017261E-049     7.8471821406790824E-049     3.7061867891832724E-002     3.7061867889517014E-002    0.96293813210816726         0.96293813211047374     
