iter 	 t 	 dt 	 Density[kg/m3] 	 Pressure[Pascal] 	 Temperature[K] 	A 	B 	
-1 	 0.0000000000e+00 	  1.0000000000e-01 	 0.0000000000e+00 	1.0125330000e+05 	2.7250000000e+02 	1.0000000000e+00 	1.0000000000e+00 	
0 	 1.0230000000e-17 	  1.0240000000e-17 	 0.0000000000e+00 	1.0125330000e+05 	2.7250000000e+02 	1.0000000000e+00 	1.0000000000e+00 	
1 	 1.0485750000e-14 	  1.0485760000e-14 	 0.0000000000e+00 	1.0125330000e+05 	2.7250000000e+02 	1.0000000000e+00 	1.0000000000e+00 	
2 	 1.0737418230e-11 	  1.0737418240e-11 	 0.0000000000e+00 	1.0125330000e+05 	2.7250000000e+02 	1.0000000000e+00 	1.0000000000e+00 	
3 	 1.0995116278e-08 	  1.0995116278e-08 	 0.0000000000e+00 	1.0125330000e+05 	2.7250000000e+02 	1.0000000105e+00 	1.0000000014e+00 	
4 	 1.1258999068e-05 	  1.1258999068e-05 	 0.0000000000e+00 	1.0125330000e+05 	2.7250000000e+02 	1.0000107411e+00 	1.0000013849e+00 	
5 	 1.1529215046e-02 	  1.1529215046e-02 	 0.0000000000e+00 	1.0125330000e+05 	2.7250000000e+02 	1.0109988712e+00 	1.0014180935e+00 	
6 	 7.8446744074e-01 	  1.0000000000e-01 	 0.0000000000e+00 	1.0125330000e+05 	2.7250000000e+02 	1.7483819385e+00 	1.0964894952e+00 	
7 	 1.7844674407e+00 	  1.0000000000e-01 	 0.0000000000e+00 	1.0125330000e+05 	2.7250000000e+02 	2.7023819385e+00 	1.2194894952e+00 	
8 	 2.7844674407e+00 	  1.0000000000e-01 	 0.0000000000e+00 	1.0125330000e+05 	2.7250000000e+02 	3.6563819385e+00 	1.3424894952e+00 	
9 	 3.7844674407e+00 	  1.0000000000e-01 	 0.0000000000e+00 	1.0125330000e+05 	2.7250000000e+02 	4.6103819385e+00 	1.4654894952e+00 	
10 	 4.7844674407e+00 	  1.0000000000e-01 	 0.0000000000e+00 	1.0125330000e+05 	2.7250000000e+02 	5.5643819385e+00 	1.5884894952e+00 	
11 	 5.7844674407e+00 	  1.0000000000e-01 	 0.0000000000e+00 	1.0125330000e+05 	2.7250000000e+02 	6.5183819385e+00 	1.7114894952e+00 	
12 	 6.7844674407e+00 	  1.0000000000e-01 	 0.0000000000e+00 	1.0125330000e+05 	2.7250000000e+02 	7.4723819385e+00 	1.8344894952e+00 	
13 	 7.7844674407e+00 	  1.0000000000e-01 	 0.0000000000e+00 	1.0125330000e+05 	2.7250000000e+02 	8.4263819385e+00 	1.9574894952e+00 	
14 	 8.7844674407e+00 	  1.0000000000e-01 	 0.0000000000e+00 	1.0125330000e+05 	2.7250000000e+02 	9.3803819385e+00 	2.0804894952e+00 	
15 	 9.7844674407e+00 	  1.0000000000e-01 	 0.0000000000e+00 	1.0125330000e+05 	2.7250000000e+02 	1.0334381938e+01 	2.2034894952e+00 	
16 	 1.0784467441e+01 	  1.0000000000e-01 	 0.0000000000e+00 	1.0125330000e+05 	2.7250000000e+02 	1.1288381938e+01 	2.3264894952e+00 	
17 	 1.1784467441e+01 	  1.0000000000e-01 	 0.0000000000e+00 	1.0125330000e+05 	2.7250000000e+02 	1.2242381938e+01 	2.4494894952e+00 	
18 	 1.2784467441e+01 	  1.0000000000e-01 	 0.0000000000e+00 	1.0125330000e+05 	2.7250000000e+02 	1.3196381938e+01 	2.5724894952e+00 	
19 	 1.3784467441e+01 	  1.0000000000e-01 	 0.0000000000e+00 	1.0125330000e+05 	2.7250000000e+02 	1.4150381938e+01 	2.6954894952e+00 	
20 	 1.4784467441e+01 	  1.0000000000e-01 	 0.0000000000e+00 	1.0125330000e+05 	2.7250000000e+02 	1.5104381938e+01 	2.8184894952e+00 	
21 	 1.5784467441e+01 	  1.0000000000e-01 	 0.0000000000e+00 	1.0125330000e+05 	2.7250000000e+02 	1.6058381938e+01 	2.9414894952e+00 	
22 	 1.6784467441e+01 	  1.0000000000e-01 	 0.0000000000e+00 	1.0125330000e+05 	2.7250000000e+02 	1.7012381938e+01 	3.0644894952e+00 	
23 	 1.7784467441e+01 	  1.0000000000e-01 	 0.0000000000e+00 	1.0125330000e+05 	2.7250000000e+02 	1.7966381938e+01 	3.1874894952e+00 	
24 	 1.8784467441e+01 	  1.0000000000e-01 	 0.0000000000e+00 	1.0125330000e+05 	2.7250000000e+02 	1.8920381938e+01 	3.3104894952e+00 	
25 	 1.9784467441e+01 	  1.0000000000e-01 	 0.0000000000e+00 	1.0125330000e+05 	2.7250000000e+02 	1.9874381938e+01 	3.4334894952e+00 	
26 	 2.0784467441e+01 	  1.0000000000e-01 	 0.0000000000e+00 	1.0125330000e+05 	2.7250000000e+02 	2.0828381938e+01 	3.5564894952e+00 	
27 	 2.1784467441e+01 	  1.0000000000e-01 	 0.0000000000e+00 	1.0125330000e+05 	2.7250000000e+02 	2.1782381938e+01 	3.6794894952e+00 	
28 	 2.2784467441e+01 	  1.0000000000e-01 	 0.0000000000e+00 	1.0125330000e+05 	2.7250000000e+02 	2.2736381938e+01 	3.8024894952e+00 	
29 	 2.3784467441e+01 	  1.0000000000e-01 	 0.0000000000e+00 	1.0125330000e+05 	2.7250000000e+02 	2.3690381938e+01 	3.9254894952e+00 	
30 	 2.4784467441e+01 	  1.0000000000e-01 	 0.0000000000e+00 	1.0125330000e+05 	2.7250000000e+02 	2.4644381938e+01 	4.0484894952e+00 	
31 	 2.5784467441e+01 	  1.0000000000e-01 	 0.0000000000e+00 	1.0125330000e+05 	2.7250000000e+02 	2.5598381938e+01 	4.1714894952e+00 	
32 	 2.6784467441e+01 	  1.0000000000e-01 	 0.0000000000e+00 	1.0125330000e+05 	2.7250000000e+02 	2.6552381938e+01 	4.2944894952e+00 	
33 	 2.7784467441e+01 	  1.0000000000e-01 	 0.0000000000e+00 	1.0125330000e+05 	2.7250000000e+02 	2.7506381938e+01 	4.4174894952e+00 	
34 	 2.8784467441e+01 	  1.0000000000e-01 	 0.0000000000e+00 	1.0125330000e+05 	2.7250000000e+02 	2.8460381938e+01 	4.5404894952e+00 	
35 	 2.9784467441e+01 	  1.0000000000e-01 	 0.0000000000e+00 	1.0125330000e+05 	2.7250000000e+02 	2.9414381938e+01 	4.6634894952e+00 	
36 	 3.0784467441e+01 	  1.0000000000e-01 	 0.0000000000e+00 	1.0125330000e+05 	2.7250000000e+02 	3.0368381938e+01 	4.7864894952e+00 	
37 	 3.1784467441e+01 	  1.0000000000e-01 	 0.0000000000e+00 	1.0125330000e+05 	2.7250000000e+02 	3.1322381938e+01 	4.9094894952e+00 	
38 	 3.2784467441e+01 	  1.0000000000e-01 	 0.0000000000e+00 	1.0125330000e+05 	2.7250000000e+02 	3.2276381938e+01 	5.0324894952e+00 	
39 	 3.3784467441e+01 	  1.0000000000e-01 	 0.0000000000e+00 	1.0125330000e+05 	2.7250000000e+02 	3.3230381938e+01 	5.1554894952e+00 	
40 	 3.4784467441e+01 	  1.0000000000e-01 	 0.0000000000e+00 	1.0125330000e+05 	2.7250000000e+02 	3.4184381938e+01 	5.2784894952e+00 	
41 	 3.5784467441e+01 	  1.0000000000e-01 	 0.0000000000e+00 	1.0125330000e+05 	2.7250000000e+02 	3.5138381938e+01 	5.4014894952e+00 	
42 	 3.6784467441e+01 	  1.0000000000e-01 	 0.0000000000e+00 	1.0125330000e+05 	2.7250000000e+02 	3.6092381938e+01 	5.5244894952e+00 	
43 	 3.7784467441e+01 	  1.0000000000e-01 	 0.0000000000e+00 	1.0125330000e+05 	2.7250000000e+02 	3.7046381938e+01 	5.6474894952e+00 	
44 	 3.8784467441e+01 	  1.0000000000e-01 	 0.0000000000e+00 	1.0125330000e+05 	2.7250000000e+02 	3.8000381938e+01 	5.7704894952e+00 	
45 	 3.9784467441e+01 	  1.0000000000e-01 	 0.0000000000e+00 	1.0125330000e+05 	2.7250000000e+02 	3.8954381938e+01 	5.8934894952e+00 	
46 	 4.0784467441e+01 	  1.0000000000e-01 	 0.0000000000e+00 	1.0125330000e+05 	2.7250000000e+02 	3.9908381938e+01 	6.0164894952e+00 	
47 	 4.1784467441e+01 	  1.0000000000e-01 	 0.0000000000e+00 	1.0125330000e+05 	2.7250000000e+02 	4.0862381938e+01 	6.1394894952e+00 	
48 	 4.2784467441e+01 	  1.0000000000e-01 	 0.0000000000e+00 	1.0125330000e+05 	2.7250000000e+02 	4.1816381938e+01 	6.2624894952e+00 	
49 	 4.3784467441e+01 	  1.0000000000e-01 	 0.0000000000e+00 	1.0125330000e+05 	2.7250000000e+02 	4.2770381938e+01 	6.3854894952e+00 	
50 	 4.4784467441e+01 	  1.0000000000e-01 	 0.0000000000e+00 	1.0125330000e+05 	2.7250000000e+02 	4.3724381938e+01 	6.5084894952e+00 	
51 	 4.5784467441e+01 	  1.0000000000e-01 	 0.0000000000e+00 	1.0125330000e+05 	2.7250000000e+02 	4.4678381938e+01 	6.6314894952e+00 	
52 	 4.6784467441e+01 	  1.0000000000e-01 	 0.0000000000e+00 	1.0125330000e+05 	2.7250000000e+02 	4.5632381938e+01 	6.7544894952e+00 	
53 	 4.7784467441e+01 	  1.0000000000e-01 	 0.0000000000e+00 	1.0125330000e+05 	2.7250000000e+02 	4.6586381938e+01 	6.8774894952e+00 	
54 	 4.8784467441e+01 	  1.0000000000e-01 	 0.0000000000e+00 	1.0125330000e+05 	2.7250000000e+02 	4.7540381938e+01 	7.0004894952e+00 	
55 	 4.9784467441e+01 	  1.0000000000e-01 	 0.0000000000e+00 	1.0125330000e+05 	2.7250000000e+02 	4.8494381938e+01 	7.1234894952e+00 	
56 	 5.0784467441e+01 	  1.0000000000e-01 	 0.0000000000e+00 	1.0125330000e+05 	2.7250000000e+02 	4.9448381938e+01 	7.2464894952e+00 	
57 	 5.1784467441e+01 	  1.0000000000e-01 	 0.0000000000e+00 	1.0125330000e+05 	2.7250000000e+02 	5.0402381938e+01 	7.3694894952e+00 	
58 	 5.2784467441e+01 	  1.0000000000e-01 	 0.0000000000e+00 	1.0125330000e+05 	2.7250000000e+02 	5.1356381938e+01 	7.4924894952e+00 	
59 	 5.3784467441e+01 	  1.0000000000e-01 	 0.0000000000e+00 	1.0125330000e+05 	2.7250000000e+02 	5.2310381938e+01 	7.6154894952e+00 	
60 	 5.4784467441e+01 	  1.0000000000e-01 	 0.0000000000e+00 	1.0125330000e+05 	2.7250000000e+02 	5.3264381938e+01 	7.7384894952e+00 	
61 	 5.5784467441e+01 	  1.0000000000e-01 	 0.0000000000e+00 	1.0125330000e+05 	2.7250000000e+02 	5.4218381938e+01 	7.8614894952e+00 	
62 	 5.6784467441e+01 	  1.0000000000e-01 	 0.0000000000e+00 	1.0125330000e+05 	2.7250000000e+02 	5.5172381938e+01 	7.9844894952e+00 	
63 	 5.7784467441e+01 	  1.0000000000e-01 	 0.0000000000e+00 	1.0125330000e+05 	2.7250000000e+02 	5.6126381938e+01 	8.1074894952e+00 	
64 	 5.8784467441e+01 	  1.0000000000e-01 	 0.0000000000e+00 	1.0125330000e+05 	2.7250000000e+02 	5.7080381938e+01 	8.2304894952e+00 	
65 	 5.9784467441e+01 	  1.0000000000e-01 	 0.0000000000e+00 	1.0125330000e+05 	2.7250000000e+02 	5.8034381938e+01 	8.3534894952e+00 	
66 	 6.0784467441e+01 	  1.0000000000e-01 	 0.0000000000e+00 	1.0125330000e+05 	2.7250000000e+02 	5.8988381938e+01 	8.4764894952e+00 	
67 	 6.1784467441e+01 	  1.0000000000e-01 	 0.0000000000e+00 	1.0125330000e+05 	2.7250000000e+02 	5.9942381938e+01 	8.5994894952e+00 	
68 	 6.2784467441e+01 	  1.0000000000e-01 	 0.0000000000e+00 	1.0125330000e+05 	2.7250000000e+02 	6.0896381938e+01 	8.7224894952e+00 	
69 	 6.3784467441e+01 	  1.0000000000e-01 	 0.0000000000e+00 	1.0125330000e+05 	2.7250000000e+02 	6.1850381938e+01 	8.8454894952e+00 	
70 	 6.4784467441e+01 	  1.0000000000e-01 	 0.0000000000e+00 	1.0125330000e+05 	2.7250000000e+02 	6.2804381938e+01 	8.9684894952e+00 	
71 	 6.5784467441e+01 	  1.0000000000e-01 	 0.0000000000e+00 	1.0125330000e+05 	2.7250000000e+02 	6.3758381938e+01 	9.0914894952e+00 	
72 	 6.6784467441e+01 	  1.0000000000e-01 	 0.0000000000e+00 	1.0125330000e+05 	2.7250000000e+02 	6.4712381938e+01 	9.2144894952e+00 	
73 	 6.7784467441e+01 	  1.0000000000e-01 	 0.0000000000e+00 	1.0125330000e+05 	2.7250000000e+02 	6.5666381938e+01 	9.3374894952e+00 	
74 	 6.8784467441e+01 	  1.0000000000e-01 	 0.0000000000e+00 	1.0125330000e+05 	2.7250000000e+02 	6.6620381938e+01 	9.4604894952e+00 	
75 	 6.9784467441e+01 	  1.0000000000e-01 	 0.0000000000e+00 	1.0125330000e+05 	2.7250000000e+02 	6.7574381938e+01 	9.5834894952e+00 	
76 	 7.0784467441e+01 	  1.0000000000e-01 	 0.0000000000e+00 	1.0125330000e+05 	2.7250000000e+02 	6.8528381938e+01 	9.7064894952e+00 	
77 	 7.1784467441e+01 	  1.0000000000e-01 	 0.0000000000e+00 	1.0125330000e+05 	2.7250000000e+02 	6.9482381938e+01 	9.8294894952e+00 	
78 	 7.2784467441e+01 	  1.0000000000e-01 	 0.0000000000e+00 	1.0125330000e+05 	2.7250000000e+02 	7.0436381938e+01 	9.9524894952e+00 	
79 	 7.3784467441e+01 	  1.0000000000e-01 	 0.0000000000e+00 	1.0125330000e+05 	2.7250000000e+02 	7.1390381938e+01 	1.0075489495e+01 	
80 	 7.4784467441e+01 	  1.0000000000e-01 	 0.0000000000e+00 	1.0125330000e+05 	2.7250000000e+02 	7.2344381938e+01 	1.0198489495e+01 	
81 	 7.5784467441e+01 	  1.0000000000e-01 	 0.0000000000e+00 	1.0125330000e+05 	2.7250000000e+02 	7.3298381938e+01 	1.0321489495e+01 	
82 	 7.6784467441e+01 	  1.0000000000e-01 	 0.0000000000e+00 	1.0125330000e+05 	2.7250000000e+02 	7.4252381938e+01 	1.0444489495e+01 	
83 	 7.7784467441e+01 	  1.0000000000e-01 	 0.0000000000e+00 	1.0125330000e+05 	2.7250000000e+02 	7.5206381938e+01 	1.0567489495e+01 	
84 	 7.8784467441e+01 	  1.0000000000e-01 	 0.0000000000e+00 	1.0125330000e+05 	2.7250000000e+02 	7.6160381938e+01 	1.0690489495e+01 	
85 	 7.9784467441e+01 	  1.0000000000e-01 	 0.0000000000e+00 	1.0125330000e+05 	2.7250000000e+02 	7.7114381938e+01 	1.0813489495e+01 	
86 	 8.0784467441e+01 	  1.0000000000e-01 	 0.0000000000e+00 	1.0125330000e+05 	2.7250000000e+02 	7.8068381938e+01 	1.0936489495e+01 	
87 	 8.1784467441e+01 	  1.0000000000e-01 	 0.0000000000e+00 	1.0125330000e+05 	2.7250000000e+02 	7.9022381938e+01 	1.1059489495e+01 	
88 	 8.2784467441e+01 	  1.0000000000e-01 	 0.0000000000e+00 	1.0125330000e+05 	2.7250000000e+02 	7.9976381938e+01 	1.1182489495e+01 	
89 	 8.3784467441e+01 	  1.0000000000e-01 	 0.0000000000e+00 	1.0125330000e+05 	2.7250000000e+02 	8.0930381938e+01 	1.1305489495e+01 	
90 	 8.4784467441e+01 	  1.0000000000e-01 	 0.0000000000e+00 	1.0125330000e+05 	2.7250000000e+02 	8.1884381938e+01 	1.1428489495e+01 	
91 	 8.5784467441e+01 	  1.0000000000e-01 	 0.0000000000e+00 	1.0125330000e+05 	2.7250000000e+02 	8.2838381938e+01 	1.1551489495e+01 	
92 	 8.6784467441e+01 	  1.0000000000e-01 	 0.0000000000e+00 	1.0125330000e+05 	2.7250000000e+02 	8.3792381938e+01 	1.1674489495e+01 	
93 	 8.7784467441e+01 	  1.0000000000e-01 	 0.0000000000e+00 	1.0125330000e+05 	2.7250000000e+02 	8.4746381938e+01 	1.1797489495e+01 	
94 	 8.8784467441e+01 	  1.0000000000e-01 	 0.0000000000e+00 	1.0125330000e+05 	2.7250000000e+02 	8.5700381938e+01 	1.1920489495e+01 	
95 	 8.9784467441e+01 	  1.0000000000e-01 	 0.0000000000e+00 	1.0125330000e+05 	2.7250000000e+02 	8.6654381938e+01 	1.2043489495e+01 	
96 	 9.0784467441e+01 	  1.0000000000e-01 	 0.0000000000e+00 	1.0125330000e+05 	2.7250000000e+02 	8.7608381938e+01 	1.2166489495e+01 	
97 	 9.1784467441e+01 	  1.0000000000e-01 	 0.0000000000e+00 	1.0125330000e+05 	2.7250000000e+02 	8.8562381938e+01 	1.2289489495e+01 	
98 	 9.2784467441e+01 	  1.0000000000e-01 	 0.0000000000e+00 	1.0125330000e+05 	2.7250000000e+02 	8.9516381938e+01 	1.2412489495e+01 	
99 	 9.3784467441e+01 	  1.0000000000e-01 	 0.0000000000e+00 	1.0125330000e+05 	2.7250000000e+02 	9.0470381938e+01 	1.2535489495e+01 	
100 	 9.4784467441e+01 	  1.0000000000e-01 	 0.0000000000e+00 	1.0125330000e+05 	2.7250000000e+02 	9.1424381938e+01 	1.2658489495e+01 	
101 	 9.5784467441e+01 	  1.0000000000e-01 	 0.0000000000e+00 	1.0125330000e+05 	2.7250000000e+02 	9.2378381938e+01 	1.2781489495e+01 	
102 	 9.6784467441e+01 	  1.0000000000e-01 	 0.0000000000e+00 	1.0125330000e+05 	2.7250000000e+02 	9.3332381938e+01 	1.2904489495e+01 	
103 	 9.7784467441e+01 	  1.0000000000e-01 	 0.0000000000e+00 	1.0125330000e+05 	2.7250000000e+02 	9.4286381938e+01 	1.3027489495e+01 	
104 	 9.8784467441e+01 	  1.0000000000e-01 	 0.0000000000e+00 	1.0125330000e+05 	2.7250000000e+02 	9.5240381938e+01 	1.3150489495e+01 	
105 	 9.9784467441e+01 	  1.0000000000e-01 	 0.0000000000e+00 	1.0125330000e+05 	2.7250000000e+02 	9.6194381938e+01 	1.3273489495e+01 	
106 	 1.0000000000e+02 	  0.0000000000e+00 	 0.0000000000e+00 	1.0125330000e+05 	2.7250000000e+02 	9.6400000000e+01 	1.3300000000e+01 	
