   0.0000000000000000          1.0000000000000000          1.0000000000000000          1.0000000000000000          1.0000000000000000     
   1.0000000000000000          1.9540000000000000          1.9540000000000000          1.1230000000000000          1.1230000000000002     
   2.0000000000000000          2.9079999999999999          2.9079999999999999          1.2460000000000000          1.2460000000000002     
   3.0000000000000000          3.8620000000000001          3.8620000000000001          1.3690000000000000          1.3690000000000002     
   4.0000000000000000          4.8159999999999998          4.8159999999999998          1.4920000000000000          1.4920000000000002     
   5.0000000000000000          5.7699999999999996          5.7699999999999996          1.6150000000000002          1.6150000000000002     
   6.0000000000000000          6.7240000000000002          6.7239999999999993          1.7380000000000000          1.7380000000000002     
   7.0000000000000000          7.6779999999999999          7.6779999999999990          1.8610000000000002          1.8610000000000002     
   8.0000000000000000          8.6319999999999997          8.6319999999999997          1.9840000000000000          1.9840000000000002     
   9.0000000000000000          9.5860000000000003          9.5860000000000003          2.1070000000000002          2.1070000000000002     
   10.000000000000000          10.539999999999999          10.540000000000001          2.2300000000000004          2.2300000000000004     
   11.000000000000000          11.494000000000000          11.494000000000002          2.3530000000000002          2.3530000000000006     
   12.000000000000000          12.448000000000000          12.448000000000002          2.4760000000000000          2.4760000000000009     
   13.000000000000000          13.401999999999999          13.402000000000003          2.5990000000000002          2.5990000000000011     
   14.000000000000000          14.356000000000000          14.356000000000003          2.7220000000000004          2.7220000000000013     
   15.000000000000000          15.309999999999999          15.310000000000004          2.8450000000000002          2.8450000000000015     
   16.000000000000000          16.263999999999999          16.264000000000003          2.9680000000000000          2.9680000000000017     
   17.000000000000000          17.218000000000000          17.218000000000004          3.0910000000000002          3.0910000000000020     
   18.000000000000000          18.172000000000001          18.172000000000004          3.2140000000000004          3.2140000000000022     
   19.000000000000000          19.125999999999998          19.126000000000005          3.3370000000000002          3.3370000000000024     
   20.000000000000000          20.079999999999998          20.080000000000005          3.4600000000000004          3.4600000000000026     
   21.000000000000000          21.033999999999999          21.034000000000006          3.5830000000000002          3.5830000000000028     
   22.000000000000000          21.988000000000000          21.988000000000007          3.7060000000000004          3.7060000000000031     
   23.000000000000000          22.942000000000000          22.942000000000007          3.8290000000000002          3.8290000000000033     
   24.000000000000000          23.896000000000001          23.896000000000008          3.9520000000000004          3.9520000000000035     
   25.000000000000000          24.849999999999998          24.850000000000009          4.0750000000000002          4.0750000000000037     
   26.000000000000000          25.803999999999998          25.804000000000009          4.1980000000000004          4.1980000000000040     
   27.000000000000000          26.757999999999999          26.758000000000010          4.3209999999999997          4.3210000000000042     
   28.000000000000000          27.712000000000000          27.712000000000010          4.4440000000000008          4.4440000000000044     
   29.000000000000000          28.666000000000000          28.666000000000011          4.5670000000000002          4.5670000000000046     
   30.000000000000000          29.619999999999997          29.620000000000012          4.6900000000000004          4.6900000000000048     
   31.000000000000000          30.573999999999998          30.574000000000012          4.8130000000000006          4.8130000000000051     
   32.000000000000000          31.527999999999999          31.528000000000013          4.9359999999999999          4.9360000000000053     
   33.000000000000000          32.481999999999999          32.482000000000014          5.0590000000000002          5.0590000000000055     
   34.000000000000000          33.436000000000000          33.436000000000014          5.1820000000000004          5.1820000000000057     
   35.000000000000000          34.390000000000001          34.390000000000015          5.3050000000000006          5.3050000000000059     
   36.000000000000000          35.344000000000001          35.344000000000015          5.4280000000000008          5.4280000000000062     
   37.000000000000000          36.298000000000002          36.298000000000016          5.5510000000000002          5.5510000000000064     
   38.000000000000000          37.251999999999995          37.252000000000017          5.6740000000000004          5.6740000000000066     
   39.000000000000000          38.205999999999996          38.206000000000017          5.7970000000000006          5.7970000000000068     
   40.000000000000000          39.159999999999997          39.160000000000018          5.9200000000000008          5.9200000000000070     
   41.000000000000000          40.113999999999997          40.114000000000019          6.0430000000000001          6.0430000000000073     
   42.000000000000000          41.067999999999998          41.068000000000019          6.1660000000000004          6.1660000000000075     
   43.000000000000000          42.021999999999998          42.022000000000020          6.2890000000000006          6.2890000000000077     
   44.000000000000000          42.975999999999999          42.976000000000020          6.4120000000000008          6.4120000000000079     
   45.000000000000000          43.930000000000000          43.930000000000021          6.5350000000000001          6.5350000000000081     
   46.000000000000000          44.884000000000000          44.884000000000022          6.6580000000000004          6.6580000000000084     
   47.000000000000000          45.838000000000001          45.838000000000022          6.7810000000000006          6.7810000000000086     
   48.000000000000000          46.792000000000002          46.792000000000023          6.9040000000000008          6.9040000000000088     
   49.000000000000000          47.745999999999995          47.746000000000024          7.0270000000000010          7.0270000000000090     
   50.000000000000000          48.699999999999996          48.700000000000024          7.1500000000000004          7.1500000000000092     
   51.000000000000000          49.653999999999996          49.654000000000025          7.2730000000000006          7.2730000000000095     
   52.000000000000000          50.607999999999997          50.608000000000025          7.3960000000000008          7.3960000000000097     
   53.000000000000000          51.561999999999998          51.562000000000026          7.5190000000000010          7.5190000000000099     
   54.000000000000000          52.515999999999998          52.516000000000027          7.6420000000000003          7.6420000000000101     
   55.000000000000000          53.469999999999999          53.470000000000027          7.7650000000000006          7.7650000000000103     
   56.000000000000000          54.423999999999999          54.424000000000028          7.8880000000000008          7.8880000000000106     
   57.000000000000000          55.378000000000000          55.378000000000029          8.0110000000000010          8.0110000000000099     
   58.000000000000000          56.332000000000001          56.332000000000029          8.1340000000000003          8.1340000000000092     
   59.000000000000000          57.285999999999994          57.286000000000030          8.2570000000000014          8.2570000000000086     
   60.000000000000000          58.239999999999995          58.240000000000030          8.3800000000000008          8.3800000000000079     
   61.000000000000000          59.193999999999996          59.194000000000031          8.5030000000000001          8.5030000000000072     
   62.000000000000000          60.147999999999996          60.148000000000032          8.6260000000000012          8.6260000000000066     
   63.000000000000000          61.101999999999997          61.102000000000032          8.7490000000000006          8.7490000000000059     
   64.000000000000000          62.055999999999997          62.056000000000033          8.8719999999999999          8.8720000000000052     
   65.000000000000000          63.009999999999998          63.010000000000034          8.9950000000000010          8.9950000000000045     
   66.000000000000000          63.963999999999999          63.964000000000034          9.1180000000000003          9.1180000000000039     
   67.000000000000000          64.918000000000006          64.918000000000035          9.2410000000000014          9.2410000000000032     
   68.000000000000000          65.872000000000000          65.872000000000028          9.3640000000000008          9.3640000000000025     
   69.000000000000000          66.825999999999993          66.826000000000022          9.4870000000000001          9.4870000000000019     
   70.000000000000000          67.780000000000001          67.780000000000015          9.6100000000000012          9.6100000000000012     
   71.000000000000000          68.733999999999995          68.734000000000009          9.7330000000000005          9.7330000000000005     
   72.000000000000000          69.688000000000002          69.688000000000002          9.8560000000000016          9.8559999999999999     
   73.000000000000000          70.641999999999996          70.641999999999996          9.9790000000000010          9.9789999999999992     
   74.000000000000000          71.596000000000004          71.595999999999989          10.102000000000000          10.101999999999999     
   75.000000000000000          72.549999999999997          72.549999999999983          10.225000000000001          10.224999999999998     
   76.000000000000000          73.503999999999991          73.503999999999976          10.348000000000001          10.347999999999997     
   77.000000000000000          74.457999999999998          74.457999999999970          10.471000000000000          10.470999999999997     
   78.000000000000000          75.411999999999992          75.411999999999964          10.594000000000001          10.593999999999996     
   79.000000000000000          76.366000000000000          76.365999999999957          10.717000000000001          10.716999999999995     
   80.000000000000000          77.319999999999993          77.319999999999951          10.840000000000002          10.839999999999995     
   81.000000000000000          78.274000000000001          78.273999999999944          10.963000000000001          10.962999999999994     
   82.000000000000000          79.227999999999994          79.227999999999938          11.086000000000000          11.085999999999993     
   83.000000000000000          80.182000000000002          80.181999999999931          11.209000000000001          11.208999999999993     
   84.000000000000000          81.135999999999996          81.135999999999925          11.332000000000001          11.331999999999992     
   85.000000000000000          82.090000000000003          82.089999999999918          11.455000000000002          11.454999999999991     
   86.000000000000000          83.043999999999997          83.043999999999912          11.578000000000001          11.577999999999991     
   87.000000000000000          83.997999999999990          83.997999999999905          11.701000000000001          11.700999999999990     
   88.000000000000000          84.951999999999998          84.951999999999899          11.824000000000002          11.823999999999989     
   89.000000000000000          85.905999999999992          85.905999999999892          11.947000000000001          11.946999999999989     
   90.000000000000000          86.859999999999999          86.859999999999886          12.070000000000000          12.069999999999988     
   91.000000000000000          87.813999999999993          87.813999999999879          12.193000000000001          12.192999999999987     
   92.000000000000000          88.768000000000001          88.767999999999873          12.316000000000001          12.315999999999987     
   93.000000000000000          89.721999999999994          89.721999999999866          12.439000000000002          12.438999999999986     
   94.000000000000000          90.676000000000002          90.675999999999860          12.562000000000001          12.561999999999985     
   95.000000000000000          91.629999999999995          91.629999999999853          12.685000000000000          12.684999999999985     
   96.000000000000000          92.584000000000003          92.583999999999847          12.808000000000002          12.807999999999984     
   97.000000000000000          93.537999999999997          93.537999999999840          12.931000000000001          12.930999999999983     
   98.000000000000000          94.491999999999990          94.491999999999834          13.054000000000002          13.053999999999983     
   99.000000000000000          95.445999999999998          95.445999999999827          13.177000000000001          13.176999999999982     
   100.00000000000000          96.399999999999991          96.399999999999821          13.300000000000001          13.299999999999981     
