   0.0000000000000000          1.0000000000000000          1.0000000000000000          0.0000000000000000          0.0000000000000000          0.0000000000000000          0.0000000000000000     
   1.0000000000000000         0.33380818920572070         0.33380818827666109         0.65616229971023421         0.65616230057164826          1.0029511084045151E-002     1.0029511151690915E-002
   2.0000000000000000         0.11142790718080221         0.11142790656066207         0.85850101711542881         0.85850101754991981          3.0071075703768879E-002     3.0071075889418285E-002
   3.0000000000000000          3.7195547923006708E-002     3.7195547612636874E-002    0.90977441423291650         0.90977441423689920          5.3030037844076894E-002     5.3030038150464198E-002
   4.0000000000000000          1.2416178498693475E-002     1.2416178360552517E-002    0.91103487314532605         0.91103487286274165          7.6548948355980473E-002     7.6548948776706871E-002
   5.0000000000000000          4.1446220615038729E-003     4.1446220039304971E-003    0.89600397629881168         0.89600397582840108          9.9851401639684423E-002     9.9851402167669953E-002
   6.0000000000000000          1.3835087852926888E-003     1.3835087623697720E-003    0.87592800173804541         0.87592800113215408         0.12268848947666189         0.12268849010547866     
   7.0000000000000000          4.6182656236875864E-004     4.6182655355252991E-004    0.85455104793073211         0.85455104721573205         0.14498712550689918         0.14498712623071833     
   8.0000000000000000          1.5416148851141816E-004     1.5416148540927283E-004    0.83311317880963254         0.83311317799932438         0.16673265970185602         0.16673266051526897     
   9.0000000000000000          5.1460367325255010E-005     5.1460366272283775E-005    0.81201883904501926         0.81201883814816944         0.18792970058765535         0.18792970148556065     
   10.000000000000000          1.7177892032704611E-005     1.7177891811370711E-005    0.79139377841690239         0.79139377743957495         0.20858904369106479         0.20858904466861553     
   11.000000000000000          5.7341210338085025E-006     5.7341210062833038E-006    0.77127095158303161         0.77127095053051087         0.22872331429593462         0.22872331534848497     
   12.000000000000000          1.9140965589820513E-006     1.9140965947765168E-006    0.75165256695203020         0.75165256582891049         0.24834551895141066         0.24834552007449720     
   13.000000000000000          6.3894110631869950E-007     6.3894114646832346E-007    0.73253079326602288         0.73253079207657390         0.26746856779287076         0.26746856898228233     
   14.000000000000000          2.1328377370934493E-007     2.1328379546621876E-007    0.71389466593669004         0.71389466468500962         0.28610512077953620         0.28610512203119731     
   15.000000000000000          7.1195870288879120E-008     7.1195895561173569E-008    0.69573238689078609         0.69573238558090111         0.30426754191334360         0.30426754322320643     
   16.000000000000000          2.3765764540056111E-008     2.3765775678160551E-008    0.67803208687249106         0.67803208550813587         0.32196788936174447         0.32196789072609194     
   17.000000000000000          7.9332068262056579E-009     7.9332055821321510E-009    0.66078207463876870         0.66078207322358862         0.33921791742802443         0.33921791884320840     
   18.000000000000000          2.6481694052501730E-009     2.6481512882690368E-009    0.64397091500942039         0.64397091354684521         0.35602908234241026         0.35602908380500597     
   19.000000000000000          8.8398063387655061E-010     8.8396495401852587E-010    0.62758744991803272         0.62758744841139313         0.37241254919798650         0.37241255070464435     
   20.000000000000000          2.9507997468725653E-010     2.9506971703009532E-010    0.61162080056343704         0.61162079901592958         0.38837919914148300         0.38837920068900339     
   21.000000000000000          9.8500112021222995E-011     9.8494372035593405E-011    0.59606036337640178         0.59606036179109201         0.40393963652509801         0.40393963811041689     
   22.000000000000000          3.2880144030365089E-011     3.2878251805634683E-011    0.58089580404268604         0.58089580242251770         0.41910419592443382         0.41910419754460709     
   23.000000000000000          1.0975661339599456E-011     1.0974932979231800E-011    0.56611705099509613         0.56611704934289364         0.43388294899392821         0.43388295064613458     
   24.000000000000000          3.6637656371069290E-012     3.6634202713304680E-012    0.55171428884310469         0.55171428716148274         0.44828571115323157         0.44828571283485735     
   25.000000000000000          1.2229949729968075E-012     1.2228462840641959E-012    0.53767795189351564         0.53767795018503328         0.46232204810526134         0.46232204981374714     
   26.000000000000000          4.0824573734376360E-013     4.0818696054075988E-013    0.52399871781056750         0.52399871607769621         0.47600128218902427         0.47600128392189855     
   27.000000000000000          1.3627577033367599E-013     1.3625524567487314E-013    0.51066750142884865         0.51066749967399250         0.48933249857101513         0.48933250032587494     
   28.000000000000000          4.5489968127699052E-014     4.5482877766485640E-014    0.49767544872079084         0.49767544694620092         0.50232455127916364         0.50232455305375734     
   29.000000000000000          1.5184923887733170E-014     1.5182493000351473E-014    0.48501393091669170         0.48501392912447666         0.51498606908329325         0.51498607087551185     
   30.000000000000000          5.0688519461909015E-015     5.0680437154466400E-015    0.47267453877401733         0.47267453696624218         0.52732546122597757         0.52732546303375649     
   31.000000000000000          1.6920242895098719E-015     1.6917172347436471E-015    0.46064907699239421         0.46064907517097448         0.53935092300760412         0.53935092482902691     
   32.000000000000000          5.6481156417338847E-016     5.6470064055834241E-016    0.44892955877065777         0.44892955693746994         0.55107044122934168         0.55107044306253250     
   33.000000000000000          1.8853872547917017E-016     1.8849919643497031E-016    0.43750820050236355         0.43750819865917906         0.56249179949763628         0.56249180134082388     
   34.000000000000000          6.2935770547356048E-017     6.2922033186542588E-017    0.42637741660624889         0.42637741475473195         0.57362258339375105         0.57362258524527110     
   35.000000000000000          2.1008475602679577E-017     2.1002649581097452E-017    0.41552981448821219         0.41552981262997807         0.58447018551178775         0.58447018737002554     
   36.000000000000000          7.0128011989030555E-018     7.0108218461448937E-018    0.40495818963146629         0.40495818776817732         0.59504181036853365         0.59504181223182639     
   37.000000000000000          2.3409304694655445E-018     2.3402652041897600E-018    0.39465552081160410         0.39465551894470641         0.60534447918839596         0.60534448105529748     
   38.000000000000000          7.8142176106878817E-019     7.8119493894375162E-019    0.38461496543339957         0.38461496356414110         0.61538503456660043         0.61538503643586218     
   39.000000000000000          2.6084498306831658E-019     2.6075945606119732E-019    0.37482985498624644         0.37482985311594119         0.62517014501375356         0.62517014688406247     
   40.000000000000000          8.7072191461431944E-020     8.7043666563098672E-020    0.36529369061521677         0.36529368874521828         0.63470630938478323         0.63470631125478538     
   41.000000000000000          2.9065410561914512E-020     2.9055770363992685E-020    0.35600013880479714         0.35600013693646781         0.64399986119520292         0.64399986306353507     
   42.000000000000000          9.7022720681934785E-021     9.6988929944520052E-021    0.34694302717243658         0.34694302530686566         0.65305697282756336         0.65305697469313706     
   43.000000000000000          3.2386978702648959E-021     3.2374987117591293E-021    0.33811634036911253         0.33811633850722395         0.66188365963088747         0.66188366149277844     
   44.000000000000000          1.0811038714575528E-021     1.0806880737260018E-021    0.32951421608419085         0.32951421422694865         0.67048578391580915         0.67048578577305307     
   45.000000000000000          3.6088132567454123E-022     3.6069141155712283E-022    0.32113094115192820         0.32113093930046133         0.67886905884807180         0.67886906069954001     
   46.000000000000000          1.2046514184157812E-022     1.2039765184864493E-022    0.31296094775703004         0.31296094591214274         0.68703905224296991         0.68703905408785881     
   47.000000000000000          4.0212250860547353E-023     4.0189658949156987E-023    0.30499880973674409         0.30499880789935868         0.69500119026325591         0.69500119210064271     
   48.000000000000000          1.3423178643645544E-023     1.3415822562245576E-023    0.29723923897703308         0.29723923714796696         0.70276076102296692         0.70276076285203548     
   49.000000000000000          4.4807669564202362E-024     4.4782813351214737E-024    0.28967708190043417         0.28967708008045778         0.71032291809956583         0.71032291991954388     
   50.000000000000000          1.4957167039754620E-024     1.4948858741900803E-024    0.28230731604327181         0.28230731423314093         0.71769268395672814         0.71769268576686074     
   51.000000000000000          4.9928248451879618E-025     4.9898996122224964E-025    0.27512504671995003         0.27512504492031553         0.72487495328005003         0.72487495507968580     
   52.000000000000000          1.6666458205935323E-025     1.6656379200405895E-025    0.26812550377211058         0.26812550198367885         0.73187449622788947         0.73187449801632209     
   53.000000000000000          5.5634002341961140E-026     5.5599180924473218E-026    0.26130403840049604         0.26130403662376323         0.73869596159950401         0.73869596337623833     
   54.000000000000000          1.8571085580036805E-026     1.8559328710795588E-026    0.25465612007741473         0.25465611831296758         0.74534387992258533         0.74534388168703436     
   55.000000000000000          6.1991804490565356E-027     6.1951764567367118E-027    0.24817733353775659         0.24817733178616125         0.75182266646224338         0.75182266821384125     
   56.000000000000000          2.0693372002590757E-027     2.0679199912780971E-027    0.24186337584656165         0.24186337410817721         0.75813662415343830         0.75813662589182507     
   57.000000000000000          6.9076170367452031E-028     6.9028749274316342E-028    0.23571005354119304         0.23571005181650623         0.76428994645880688         0.76428994818349616     
   58.000000000000000          2.3058191347624943E-028     2.3042248647534632E-028    0.22971327984621751         0.22971327813571318         0.77028672015378252         0.77028672186428948     
   59.000000000000000          7.6970131001096709E-029     7.6915692745168327E-029    0.22386907195914224         0.22386907026331462         0.77613092804085770         0.77613092973668829     
   60.000000000000000          2.5693260052403292E-029     2.5674954802430730E-029    0.21817354840520711         0.21817354672431363         0.78182645159479291         0.78182645327568956     
   61.000000000000000          8.5766206128844536E-030     8.5703934889146558E-030    0.21262292645947337         0.21262292479388195         0.78737707354052655         0.78737707520611999     
   62.000000000000000          2.8629461962913872E-030     2.8607953499967185E-030    0.20721351963449866         0.20721351798450635         0.79278648036550137         0.79278648201549595     
   63.000000000000000          9.5567488557743705E-031     9.5487334478092011E-031    0.20194173523192840         0.20194173359776516         0.79805826476807162         0.79805826640223676     
   64.000000000000000          3.1901210302398973E-031     3.1872981171874671E-031    0.19680407195637825         0.19680407033832184         0.80319592804362172         0.80319592966167930     
   65.000000000000000          1.0648885244514720E-031     1.0639158901938837E-031    0.19179711759002224         0.19179711598831861         0.80820288240997773         0.80820288401168205     
   66.000000000000000          3.5546851005309895E-032     3.5513126550643470E-032    0.18691754672634259         0.18691754514121206         0.81308245327365736         0.81308245485878783     
   67.000000000000000          1.1865829966047922E-032     1.1853905410090079E-032    0.18216211856153583         0.18216211699316770         0.81783788143846414         0.81783788300683158     
   68.000000000000000          3.9609112143894485E-033     3.9567381662518239E-033    0.17752767474210862         0.17752767319067453         0.82247232525789138         0.82247232680932458     
   69.000000000000000          1.3221846000799787E-033     1.3207293480275692E-033    0.17301113726723338         0.17301113573289098         0.82698886273276662         0.82698886426710794     
   70.000000000000000          4.4135604714838296E-034     4.4084963244027815E-034    0.16860950644447070         0.16860950492735732         0.83139049355552930         0.83139049507264173     
   71.000000000000000          1.4732826289359693E-034     1.4715225402453803E-034    0.16431985889750125         0.16431985739773475         0.83568014110249877         0.83568014260226364     
   72.000000000000000          4.9179380655336139E-035     4.9118197989164849E-035    0.16013934562454313         0.16013934414222303         0.83986065437545687         0.83986065585777614     
   73.000000000000000          1.6416480002816663E-035     1.6395151940764590E-035    0.15606519010616585         0.15606518864137231         0.84393480989383418         0.84393481135862625     
   74.000000000000000          5.4799554628721741E-036     5.4724192599853398E-036    0.15209468646124402         0.15209468501401885         0.84790531353875598         0.84790531498598021     
   75.000000000000000          1.8292540099893378E-036     1.8266093823328956E-036    0.14822519764982622         0.14822519622023209         0.85177480235017378         0.85177480377976711     
   76.000000000000000          6.1061996867184631E-037     6.0971946562173857E-037    0.14445415372172457         0.14445415230982286         0.85554584627827546         0.85554584769017572     
   77.000000000000000          2.0382994603520365E-037     2.0352270149755726E-037    0.14077905010966332         0.14077904871548116         0.85922094989033670         0.85922095128451825     
   78.000000000000000          6.8040105191910371E-038     6.7935052769737112E-038    0.13719744596585134         0.13719744458940381         0.86280255403414863         0.86280255541059581     
   79.000000000000000          2.2712344307478435E-038     2.2678181930522653E-038    0.13370696254087491         0.13370696118218825         0.86629303745912511         0.86629303881781128     
   80.000000000000000          7.5815665258962620E-039     7.5701721590235729E-039    0.13030528160383298         0.13030528026289739         0.86969471839616697         0.86969471973710255     
   81.000000000000000          2.5307889933521467E-039     2.5269860107496649E-039    0.12699014390266708         0.12699014257950197         0.87300985609733295         0.87300985742049864     
   82.000000000000000          8.4479809113265184E-040     8.4351437525984206E-040    0.12375934766366155         0.12375934635816484         0.87624065233633841         0.87624065364183568     
   83.000000000000000          2.8200052104543691E-040     2.8156796898032245E-040    0.12061074712911933         0.12061074584133717         0.87938925287088066         0.87938925415866298     
   84.000000000000000          9.4134083285247360E-041     9.3988090977040610E-041    0.11754225113224046         0.11754224986213364         0.88245774886775952         0.88245775013786654     
   85.000000000000000          3.1422727883989029E-041     3.1373625192520216E-041    0.11455182170825816         0.11455182045566201         0.88544817829174183         0.88544817954433863     
   86.000000000000000          1.0489163894858373E-041     1.0472646770148129E-041    0.11163747274090889         0.11163747150589468         0.88836252725909115         0.88836252849410569     
   87.000000000000000          3.5013688060247104E-042     3.4958232625564123E-042    0.10879726864333848         0.10879726742567915         0.89120273135666150         0.89120273257432103     
   88.000000000000000          1.1687855808805090E-042     1.1669321225157157E-042    0.10602932307256742         0.10602932187231327         0.89397067692743259         0.89397067812768705     
   89.000000000000000          3.9015019832348048E-043     3.8950497331179927E-043    0.10333179767666180         0.10333179649364142         0.89666820232333821         0.89666820350635901     
   90.000000000000000          1.3023533122061429E-043     1.3001683603411328E-043    0.10070290087377833         0.10070289970790257         0.89929709912622169         0.89929710029209731     
   91.000000000000000          4.3473620085360052E-044     4.3400870351313341E-044     9.8140886662271332E-002     9.8140885513433931E-002    0.90185911333772872         0.90185911448656608     
   92.000000000000000          1.4511850398911539E-044     1.4487029514117397E-044     9.5644053461073020E-002     9.5644052329182508E-002    0.90435594653892704         0.90435594767081706     
   93.000000000000000          4.8441745036849933E-045     4.8353880717788747E-045     9.3210742979575184E-002     9.3210741864476337E-002    0.90678925702042479         0.90678925813552358     
   94.000000000000000          1.6170251192715910E-045     1.6139982088528907E-045     9.0839339116263282E-002     9.0839338017861218E-002    0.90916066088373670         0.90916066198213830     
   95.000000000000000          5.3977622696421632E-046     5.3876292433298739E-046     8.8528266885370188E-002     8.8528265803498540E-002    0.91147173311462981         0.91147173419650140     
   96.000000000000000          1.8018172489922179E-046     1.7982510051555610E-046     8.6275991370837760E-002     8.6275990305393638E-002    0.91372400862916225         0.91372400969460632     
   97.000000000000000          6.0146135316572750E-047     6.0026038423423301E-047     8.4081016706890443E-002     8.4081015657766600E-002    0.91591898329310961         0.91591898434223284     
   98.000000000000000          2.0077272517747468E-047     2.0036959054243132E-047     8.1941885084545071E-002     8.1941884051620201E-002    0.91805811491545497         0.91805811594837960     
   99.000000000000000          6.7019579833389915E-048     6.6883856447492185E-048     7.9857175783395851E-002     7.9857174766502240E-002    0.92014282421660409         0.92014282523349777     
   100.00000000000000          2.2371684585512202E-048     2.2326277735776690E-048     7.7825504228032097E-002     7.7825503226881768E-002    0.92217449577196786         0.92217449677311791     
