0.000000000000000000e+00
1.013249999999999884e+06
1.200000000000000000e+03
1.379436379808566485e-03
8.988100906469271342e-04
1.202438195969679664e-02
2.173948775212681400e-02
8.983813651899551916e-03
1.450823404848083052e-02
1.800857975327362429e-02
3.782099233301790958e-02
1.443166549100211027e-02
6.224249198829770631e-03
1.384674427308201471e-02
9.250020333935748268e-03
1.064860822879461905e-02
1.851454593152734168e-02
2.480906377349505545e-03
4.781077997181301838e-03
7.315289277346434006e-04
3.117170076963017220e-02
3.011065025329299344e-02
3.366498006988871000e-02
3.909735219785899496e-02
2.494048972105542689e-02
1.498201112688782484e-02
2.632094667713423888e-02
4.137082068337264058e-03
2.318780302963429490e-02
5.374624106915112769e-03
4.832661396175130103e-02
2.735212729342540935e-02
2.173406657383385870e-02
4.620258304218137144e-03
1.449440379612807091e-02
9.112839865169666126e-03
1.207038566656701457e-02
6.799125166714994938e-04
2.310758661679012879e-02
3.511087783449913513e-02
3.385561452884115058e-02
3.649448114920544189e-02
2.211829808105790149e-02
1.211427085164026342e-02
1.527582182723080315e-02
3.569153567626779516e-02
3.230829997409863635e-03
3.576908320115761153e-02
3.597675348894006919e-02
1.102169619274639967e-02
6.421681515791027341e-03
1.694630887079601536e-02
1.999736115370774267e-02
3.060285152901273328e-02
2.409125379150564919e-02
3.452236296661215231e-02
1.928842937218850978e-03
2.513582388607080859e-03
2.118453486348505915e-03
1.915029553048436858e-03
1.488964031817859284e-03
2.270039438287636390e-03
1.537930455102480944e-03
3.134197759078380906e-03
3.386859281252985621e-03
1.347631682039496454e-03
2.782572289123734152e-03
1.858837698409498973e-03
1.996431814907937904e-03
3.253073267527922981e-03
2.496611292585936091e-04
3.062219372364352382e-04
7.105895322470088323e-05
2.926299912412615341e-03
2.734885607547925864e-03
3.057717740966333156e-03
3.439421705444128258e-03
2.808697929764329953e-03
1.621901068731171824e-03
2.743223660131988064e-03
4.156836327065238082e-04
2.249046595123355748e-03
5.038250224663911149e-04
3.320104107537703939e-03
1.834071943390860708e-03
1.457358006974446372e-03
9.297989576750522334e-04
2.721097737091831160e-03
1.603171824872649592e-03
1.997800345116698770e-03
6.603805045623410079e-05
2.170722582052604828e-03
2.151252662746712310e-03
2.168257111180067146e-03
3.316867756952731217e-03
2.396304498645045102e-03
1.263515328857415035e-03
1.535978964425122138e-03
2.451872986758787433e-03
2.116665766449040028e-04
2.343397639920854689e-03
2.357003078436968168e-03
7.394040309456888661e-04
4.531203712623473609e-04
1.108594709359171735e-03
1.278286606839763124e-03
2.003995903116784216e-03
1.541495290187546233e-03
3.473708068824923455e-03
2.270102433765096521e+03
1.970548173496078107e+03
6.193601697599636391e+06
1.060554504675725912e+04
5.834136585276814178e+06
