1.711548836000000018e-01
1.013250000000000000e+05
1.863338810899999999e+03
2.440619923900000116e-03
1.760926478499999991e-04
7.845342146199999747e-04
7.984133837000000067e-02
1.963238854300000061e-03
9.022870741400000616e-02
1.072401653699999981e-04
1.515891563899999991e-06
5.871522266999999803e-07
3.018716251600000209e-06
3.054558947200000017e-05
3.804706445499999898e-06
8.725882763199999635e-04
2.260841071400000041e-03
7.540388203400000267e-02
1.696678376299999916e-02
6.359982268099999584e-05
5.670163960699999787e-04
6.915699736700000325e-06
2.278890634300000029e-06
1.712594433400000074e-05
1.253000215700000041e-06
5.537449425199999836e-04
3.053451393800000254e-05
4.799659681799999878e-04
4.808552363899999715e-06
1.987358435300000007e-05
7.376115545400000156e-05
6.502352347399999915e-04
3.431269277299999923e-06
5.280310042000000164e-08
5.612540504599999664e-09
9.019326532300000061e-10
5.954073333400000220e-10
7.306019557699999977e-09
5.856242639099999782e-07
3.889891689600000247e-10
6.258802536299999531e-08
1.619705354700000071e-09
1.690515634699999960e-09
1.064948896599999900e-06
2.931789680100000022e-09
8.281436113900000804e-09
6.248386972399999732e-09
1.823334410700000093e-09
2.718446870399999988e-08
1.456007531100000018e-08
7.137578296400000077e-01
1.264481895700000046e-02
9.951863979300000421e-09
3.802341042300000264e-08
4.243597157000000078e-06
3.133095636499999700e-05
