## nSpec(22)    R,P,T,Y_0 ... Y_{nSpec-1}(25)
0.000000e+00 0.000000e+00 0.000000e+00 0.000000e+00 0.000000e+00 0.000000e+00 0.000000e+00 0.000000e+00 0.000000e+00 0.000000e+00 0.000000e+00 0.000000e+00 0.000000e+00 0.000000e+00 0.000000e+00 0.000000e+00 0.000000e+00 0.000000e+00 0.000000e+00 0.000000e+00 0.000000e+00 0.000000e+00 0.000000e+00 0.000000e+00 0.000000e+00 
0.000000e+00 0.000000e+00 0.000000e+00 0.000000e+00 0.000000e+00 0.000000e+00 0.000000e+00 0.000000e+00 0.000000e+00 0.000000e+00 0.000000e+00 0.000000e+00 0.000000e+00 0.000000e+00 0.000000e+00 0.000000e+00 0.000000e+00 0.000000e+00 0.000000e+00 0.000000e+00 0.000000e+00 0.000000e+00 0.000000e+00 0.000000e+00 0.000000e+00 
4.164654e+12 0.000000e+00 -1.503913e+12 3.065092e+13 6.066669e+13 7.717261e+13 3.575610e+14 6.850590e+13 8.358317e+13 1.709039e+14 1.107290e+15 7.537430e+13 3.240193e+14 1.514335e+14 3.451969e+14 3.147176e+14 1.236576e+15 2.259736e+14 2.157411e+14 1.178762e+14 1.922622e+14 1.230398e+14 -4.349509e+15 2.961720e+14 -4.185806e+14 
0.000000e+00 0.000000e+00 0.000000e+00 0.000000e+00 0.000000e+00 0.000000e+00 0.000000e+00 0.000000e+00 0.000000e+00 0.000000e+00 0.000000e+00 0.000000e+00 0.000000e+00 0.000000e+00 0.000000e+00 0.000000e+00 0.000000e+00 0.000000e+00 0.000000e+00 0.000000e+00 0.000000e+00 0.000000e+00 0.000000e+00 0.000000e+00 0.000000e+00 
0.000000e+00 0.000000e+00 0.000000e+00 0.000000e+00 0.000000e+00 0.000000e+00 0.000000e+00 0.000000e+00 0.000000e+00 0.000000e+00 0.000000e+00 0.000000e+00 0.000000e+00 0.000000e+00 0.000000e+00 0.000000e+00 0.000000e+00 0.000000e+00 0.000000e+00 0.000000e+00 0.000000e+00 0.000000e+00 0.000000e+00 0.000000e+00 0.000000e+00 
0.000000e+00 0.000000e+00 0.000000e+00 0.000000e+00 0.000000e+00 0.000000e+00 0.000000e+00 0.000000e+00 0.000000e+00 0.000000e+00 0.000000e+00 0.000000e+00 0.000000e+00 0.000000e+00 0.000000e+00 0.000000e+00 0.000000e+00 0.000000e+00 0.000000e+00 0.000000e+00 0.000000e+00 0.000000e+00 0.000000e+00 0.000000e+00 0.000000e+00 
1.784689e+08 0.000000e+00 -1.798590e+05 0.000000e+00 0.000000e+00 0.000000e+00 -1.278446e+09 0.000000e+00 0.000000e+00 9.882433e+04 8.809714e+06 -6.649316e+01 8.585468e+05 9.464376e+04 6.518207e+09 0.000000e+00 9.669133e+08 7.867159e+05 0.000000e+00 1.678729e+07 5.624120e+07 -3.108840e+07 -6.849878e+02 0.000000e+00 0.000000e+00 
-1.448648e+06 0.000000e+00 6.539631e+07 0.000000e+00 0.000000e+00 0.000000e+00 0.000000e+00 -7.732341e+06 0.000000e+00 0.000000e+00 -6.034101e+03 0.000000e+00 0.000000e+00 0.000000e+00 -2.266574e+07 0.000000e+00 0.000000e+00 0.000000e+00 0.000000e+00 0.000000e+00 0.000000e+00 2.158910e+03 0.000000e+00 0.000000e+00 6.435944e+11 
0.000000e+00 0.000000e+00 0.000000e+00 0.000000e+00 0.000000e+00 0.000000e+00 0.000000e+00 0.000000e+00 0.000000e+00 0.000000e+00 0.000000e+00 0.000000e+00 0.000000e+00 0.000000e+00 0.000000e+00 0.000000e+00 0.000000e+00 0.000000e+00 0.000000e+00 0.000000e+00 0.000000e+00 0.000000e+00 0.000000e+00 0.000000e+00 0.000000e+00 
7.462500e+06 0.000000e+00 -3.362636e+03 2.425414e+04 4.800597e+04 6.917435e+04 2.432278e+07 4.541910e+04 8.365919e+04 -1.154320e+08 1.817462e+08 6.572232e+04 4.132909e+07 3.187027e+07 -8.690958e+04 2.197201e+04 -5.111699e+07 6.174851e+07 3.023817e+04 4.410415e+05 2.199377e+04 1.317826e+08 3.447057e+04 3.453690e+04 2.060015e+04 
6.507692e+07 0.000000e+00 3.940485e+04 1.454629e+04 2.157981e+04 1.554775e+04 1.561334e+08 1.360328e+04 3.760678e+04 1.330364e+07 -2.080998e+07 2.954359e+04 1.613612e+08 1.520239e+06 -3.950298e+04 9.876938e+03 3.475745e+08 2.504131e+07 1.359277e+04 2.091285e+08 9.886720e+03 -5.833781e+05 1.552326e+04 1.552515e+04 9.260252e+03 
1.485949e+08 0.000000e+00 1.801690e+05 0.000000e+00 0.000000e+00 0.000000e+00 -9.343581e+01 0.000000e+00 0.000000e+00 -8.332727e-03 -7.785691e+01 -2.275503e+06 -1.968225e+02 1.783870e+07 2.324588e+07 0.000000e+00 7.809267e+08 1.292801e+07 0.000000e+00 7.433111e+09 9.819509e+07 2.624723e+05 0.000000e+00 0.000000e+00 0.000000e+00 
-2.988294e+08 0.000000e+00 -4.051899e+05 0.000000e+00 0.000000e+00 0.000000e+00 9.301339e+04 0.000000e+00 0.000000e+00 1.822338e+04 9.864680e+05 -2.011769e+02 -3.013072e+09 5.711116e+03 3.795395e+07 0.000000e+00 -1.546199e+09 3.465308e+09 0.000000e+00 4.523412e+06 0.000000e+00 -7.600139e+07 -3.176311e+03 0.000000e+00 0.000000e+00 
-7.434406e+06 0.000000e+00 -9.780102e+03 0.000000e+00 0.000000e+00 0.000000e+00 2.081990e+04 0.000000e+00 0.000000e+00 2.852743e+04 2.778538e+03 -1.253875e+02 1.159648e+04 -7.577447e+07 -3.997416e+05 0.000000e+00 -1.456975e+06 1.341307e+07 0.000000e+00 2.021759e+07 0.000000e+00 -5.844986e+07 -4.449315e+04 0.000000e+00 0.000000e+00 
-1.750375e+08 0.000000e+00 3.120628e+07 0.000000e+00 0.000000e+00 0.000000e+00 1.198123e+09 -3.633083e+06 0.000000e+00 -9.261528e+04 -8.256207e+06 5.252331e+01 5.005386e+08 -8.869738e+04 -6.251212e+09 2.049462e+08 -9.061629e+08 -6.674532e+06 7.574264e+07 -2.286912e+07 1.279282e+08 -1.143120e+07 6.419506e+02 0.000000e+00 3.024013e+11 
2.891153e+05 0.000000e+00 -1.207350e+05 0.000000e+00 0.000000e+00 0.000000e+00 0.000000e+00 0.000000e+00 0.000000e+00 0.000000e+00 0.000000e+00 0.000000e+00 0.000000e+00 0.000000e+00 4.523169e+06 -6.010988e+08 0.000000e+00 1.741369e+07 0.000000e+00 0.000000e+00 0.000000e+00 0.000000e+00 0.000000e+00 0.000000e+00 0.000000e+00 
-8.218577e+07 0.000000e+00 3.485105e+04 -1.590333e+04 -2.426578e+04 -1.941810e+04 -7.717443e+07 -1.615253e+04 -4.228757e+04 -6.852927e+06 1.005408e+07 -1.150905e+05 -7.953321e+07 -1.252203e+05 -4.084953e+08 -1.110629e+04 -4.384417e+08 2.054255e+09 -1.528462e+04 5.659344e+07 -1.111729e+04 1.208243e+05 -1.687945e+08 -1.745751e+04 -1.041284e+04 
8.993246e+08 0.000000e+00 -1.105249e+06 0.000000e+00 0.000000e+00 0.000000e+00 -8.906010e+04 0.000000e+00 0.000000e+00 -1.745681e+04 -9.525264e+05 1.944333e+02 2.427536e+09 3.235415e+04 -1.029019e+05 3.961526e+08 4.751193e+09 -6.676139e+10 0.000000e+00 -8.649830e+06 0.000000e+00 6.081984e+07 4.866289e+09 0.000000e+00 0.000000e+00 
1.132161e+07 0.000000e+00 -4.367577e+04 0.000000e+00 0.000000e+00 0.000000e+00 0.000000e+00 0.000000e+00 0.000000e+00 0.000000e+00 0.000000e+00 0.000000e+00 0.000000e+00 0.000000e+00 1.771250e+08 0.000000e+00 0.000000e+00 0.000000e+00 -1.614212e+08 0.000000e+00 0.000000e+00 8.645420e+07 0.000000e+00 0.000000e+00 0.000000e+00 
-1.474538e+08 0.000000e+00 -5.129167e+04 0.000000e+00 0.000000e+00 0.000000e+00 -2.003940e+04 0.000000e+00 0.000000e+00 -2.756978e+04 -2.604605e+03 2.357491e+06 -1.100328e+04 5.475014e+07 -3.459335e+07 0.000000e+00 -8.076206e+08 -2.635603e+07 0.000000e+00 -7.733908e+09 2.469087e+08 5.621582e+07 4.299954e+04 0.000000e+00 0.000000e+00 
1.057436e+06 0.000000e+00 -1.911449e+05 0.000000e+00 0.000000e+00 0.000000e+00 2.309165e+01 0.000000e+00 0.000000e+00 0.000000e+00 0.000000e+00 2.869153e+01 0.000000e+00 0.000000e+00 1.654337e+07 0.000000e+00 0.000000e+00 0.000000e+00 0.000000e+00 2.091053e+07 -5.292731e+08 0.000000e+00 0.000000e+00 0.000000e+00 0.000000e+00 
-1.305434e+07 0.000000e+00 2.635636e+04 -2.289711e+04 -4.532000e+04 -6.530400e+04 -2.296191e+07 -4.274253e+04 -7.897841e+04 1.089735e+08 -1.715710e+08 -6.204511e+04 -3.901670e+07 -3.008711e+07 -9.393172e+07 -2.074266e+04 4.825696e+07 -5.829364e+07 8.565006e+07 -4.163649e+05 -2.076321e+04 -1.702994e+08 -3.254192e+04 -3.260454e+04 -1.944756e+04 
-5.882814e+08 0.000000e+00 -5.880822e+08 0.000000e+00 0.000000e+00 0.000000e+00 -8.064390e+02 0.000000e+00 0.000000e+00 -1.503113e+02 -8.442634e+02 0.000000e+00 -2.603587e+03 -3.656023e+04 6.131524e+05 0.000000e+00 -3.143866e+09 6.120182e+10 0.000000e+00 4.129668e+06 0.000000e+00 1.219575e+07 -1.863569e+12 2.600268e+10 0.000000e+00 
0.000000e+00 0.000000e+00 5.894328e+08 0.000000e+00 0.000000e+00 0.000000e+00 0.000000e+00 0.000000e+00 0.000000e+00 0.000000e+00 0.000000e+00 0.000000e+00 0.000000e+00 0.000000e+00 0.000000e+00 0.000000e+00 0.000000e+00 0.000000e+00 0.000000e+00 0.000000e+00 0.000000e+00 0.000000e+00 1.858871e+12 -2.600268e+10 0.000000e+00 
2.129488e+06 0.000000e+00 -9.612363e+07 0.000000e+00 0.000000e+00 0.000000e+00 0.000000e+00 1.136530e+07 0.000000e+00 0.000000e+00 0.000000e+00 0.000000e+00 0.000000e+00 0.000000e+00 3.331554e+07 0.000000e+00 0.000000e+00 0.000000e+00 0.000000e+00 0.000000e+00 0.000000e+00 0.000000e+00 0.000000e+00 0.000000e+00 -9.459957e+11 
