iter 	 t 	 dt 	 Density[kg/m3] 	 Pressure[Pascal] 	 Temperature[K] 	A 	B 	C 	
-1 	 0.0000000000e+00 	  1.0000000000e-01 	 0.0000000000e+00 	1.0125330000e+05 	2.7250000000e+02 	1.0000000000e+00 	0.0000000000e+00 	0.0000000000e+00 	
0 	 1.1258999068e-05 	  1.1258999068e-05 	 0.0000000000e+00 	1.0125330000e+05 	2.7250000000e+02 	9.9998990215e-01 	1.0097848654e-05 	3.0924331585e-12 	
1 	 6.3410682753e-02 	  1.4411518808e-03 	 0.0000000000e+00 	1.0125330000e+05 	2.7250000000e+02 	9.4471555959e-01 	5.5188294563e-02 	9.6145848875e-05 	
2 	 1.7870283321e-01 	  2.8823037615e-03 	 0.0000000000e+00 	1.0125330000e+05 	2.7250000000e+02 	8.5191038586e-01 	1.4735299119e-01 	7.3662295103e-04 	
3 	 3.5164105891e-01 	  5.7646075230e-03 	 0.0000000000e+00 	1.0125330000e+05 	2.7250000000e+02 	7.2951320597e-01 	2.6778164072e-01 	2.7051533121e-03 	
4 	 6.3987143506e-01 	  5.7646075230e-03 	 0.0000000000e+00 	1.0125330000e+05 	2.7250000000e+02 	5.6333297379e-01 	4.2844418407e-01 	8.2228421386e-03 	
5 	 1.0779816068e+00 	  1.1529215046e-02 	 0.0000000000e+00 	1.0125330000e+05 	2.7250000000e+02 	3.8029223318e-01 	5.9908966564e-01 	2.0618101184e-02 	
6 	 1.6544423591e+00 	  1.1529215046e-02 	 0.0000000000e+00 	1.0125330000e+05 	2.7250000000e+02 	2.2676747074e-01 	7.3153325410e-01 	4.1699275157e-02 	
7 	 2.2309031114e+00 	  1.1529215046e-02 	 0.0000000000e+00 	1.0125330000e+05 	2.7250000000e+02 	1.3522097298e-01 	7.9895340970e-01 	6.5825617322e-02 	
8 	 2.8073638637e+00 	  1.1529215046e-02 	 0.0000000000e+00 	1.0125330000e+05 	2.7250000000e+02 	8.0631986031e-02 	8.2795698558e-01 	9.1411028393e-02 	
9 	 3.3838246160e+00 	  1.1529215046e-02 	 0.0000000000e+00 	1.0125330000e+05 	2.7250000000e+02 	4.8080686214e-02 	8.3439857892e-01 	1.1752073486e-01 	
10 	 3.9602853683e+00 	  1.1529215046e-02 	 0.0000000000e+00 	1.0125330000e+05 	2.7250000000e+02 	2.8670413574e-02 	8.2772157904e-01 	1.4360800739e-01 	
11 	 4.5367461206e+00 	  1.1529215046e-02 	 0.0000000000e+00 	1.0125330000e+05 	2.7250000000e+02 	1.7096108214e-02 	8.1354671477e-01 	1.6935717702e-01 	
12 	 5.1132068729e+00 	  1.1529215046e-02 	 0.0000000000e+00 	1.0125330000e+05 	2.7250000000e+02 	1.0194373908e-02 	7.9521558982e-01 	1.9459003627e-01 	
13 	 5.6896676252e+00 	  1.1529215046e-02 	 0.0000000000e+00 	1.0125330000e+05 	2.7250000000e+02 	6.0788840401e-03 	7.7471107983e-01 	2.1921003613e-01 	
14 	 6.2661283775e+00 	  1.1529215046e-02 	 0.0000000000e+00 	1.0125330000e+05 	2.7250000000e+02 	3.6248259587e-03 	7.5320615364e-01 	2.4316902040e-01 	
15 	 6.8425891298e+00 	  1.1529215046e-02 	 0.0000000000e+00 	1.0125330000e+05 	2.7250000000e+02 	2.1614762091e-03 	7.3139112503e-01 	2.6644739876e-01 	
16 	 7.4190498821e+00 	  1.1529215046e-02 	 0.0000000000e+00 	1.0125330000e+05 	2.7250000000e+02 	1.2888837853e-03 	7.0966878332e-01 	2.8904233290e-01 	
17 	 7.9955106344e+00 	  1.1529215046e-02 	 0.0000000000e+00 	1.0125330000e+05 	2.7250000000e+02 	7.6855873080e-04 	6.8827074058e-01 	3.1096070069e-01 	
18 	 8.5719713868e+00 	  1.1529215046e-02 	 0.0000000000e+00 	1.0125330000e+05 	2.7250000000e+02 	4.5828997885e-04 	6.6732680084e-01 	3.3221490918e-01 	
19 	 9.1484321391e+00 	  1.1529215046e-02 	 0.0000000000e+00 	1.0125330000e+05 	2.7250000000e+02 	2.7327736489e-04 	6.4690631666e-01 	3.5282040598e-01 	
20 	 9.7248928914e+00 	  1.1529215046e-02 	 0.0000000000e+00 	1.0125330000e+05 	2.7250000000e+02 	1.6295472650e-04 	6.2704284196e-01 	3.7279420331e-01 	
21 	 1.0301353644e+01 	  1.1529215046e-02 	 0.0000000000e+00 	1.0125330000e+05 	2.7250000000e+02 	9.7169565795e-05 	6.0774882492e-01 	3.9215400552e-01 	
22 	 1.0958518901e+01 	  2.3058430092e-02 	 0.0000000000e+00 	1.0125330000e+05 	2.7250000000e+02 	5.3896133149e-05 	5.8644804614e-01 	4.1349805773e-01 	
23 	 1.2111440406e+01 	  2.3058430092e-02 	 0.0000000000e+00 	1.0125330000e+05 	2.7250000000e+02 	1.9163656179e-05 	5.5082967770e-01 	4.4915115865e-01 	
24 	 1.3264361911e+01 	  2.3058430092e-02 	 0.0000000000e+00 	1.0125330000e+05 	2.7250000000e+02 	6.8139529994e-06 	5.1735507160e-01 	4.8263811445e-01 	
25 	 1.5224328468e+01 	  4.6116860184e-02 	 0.0000000000e+00 	1.0125330000e+05 	2.7250000000e+02 	1.1747126885e-06 	4.6503750306e-01 	5.3496132223e-01 	
26 	 1.9106391821e+01 	  1.0000000000e-01 	 0.0000000000e+00 	1.0125330000e+05 	2.7250000000e+02 	3.6096740681e-08 	3.7650646032e-01 	6.2349350358e-01 	
27 	 2.4106391821e+01 	  1.0000000000e-01 	 0.0000000000e+00 	1.0125330000e+05 	2.7250000000e+02 	4.0671656007e-10 	2.8684261729e-01 	7.1315738230e-01 	
28 	 2.9106391821e+01 	  1.0000000000e-01 	 0.0000000000e+00 	1.0125330000e+05 	2.7250000000e+02 	4.5826397929e-12 	2.1853191808e-01 	7.8146808191e-01 	
29 	 3.4106391821e+01 	  1.0000000000e-01 	 0.0000000000e+00 	1.0125330000e+05 	2.7250000000e+02 	5.1633997698e-14 	1.6648920441e-01 	8.3351079559e-01 	
30 	 3.9106391821e+01 	  1.0000000000e-01 	 0.0000000000e+00 	1.0125330000e+05 	2.7250000000e+02 	5.8172645493e-16 	1.2684030506e-01 	8.7315969494e-01 	
31 	 4.4106391821e+01 	  1.0000000000e-01 	 0.0000000000e+00 	1.0125330000e+05 	2.7250000000e+02 	6.5539311976e-18 	9.6633670897e-02 	9.0336632910e-01 	
32 	 4.9106391821e+01 	  1.0000000000e-01 	 0.0000000000e+00 	1.0125330000e+05 	2.7250000000e+02 	7.3838852915e-20 	7.3620655097e-02 	9.2637934490e-01 	
33 	 5.4106391821e+01 	  1.0000000000e-01 	 0.0000000000e+00 	1.0125330000e+05 	2.7250000000e+02 	8.3189402443e-22 	5.6088119251e-02 	9.4391188075e-01 	
34 	 5.9106391821e+01 	  1.0000000000e-01 	 0.0000000000e+00 	1.0125330000e+05 	2.7250000000e+02 	9.3724054554e-24 	4.2730903671e-02 	9.5726909633e-01 	
35 	 6.4106391821e+01 	  1.0000000000e-01 	 0.0000000000e+00 	1.0125330000e+05 	2.7250000000e+02 	1.0559275754e-25 	3.2554668491e-02 	9.6744533151e-01 	
36 	 6.9106391821e+01 	  1.0000000000e-01 	 0.0000000000e+00 	1.0125330000e+05 	2.7250000000e+02 	1.1896444833e-27 	2.4801872873e-02 	9.7519812713e-01 	
37 	 7.4106391821e+01 	  1.0000000000e-01 	 0.0000000000e+00 	1.0125330000e+05 	2.7250000000e+02 	1.3402945709e-29 	1.8895382030e-02 	9.8110461797e-01 	
38 	 7.9106391821e+01 	  1.0000000000e-01 	 0.0000000000e+00 	1.0125330000e+05 	2.7250000000e+02 	1.5100221638e-31 	1.4395504077e-02 	9.8560449592e-01 	
39 	 8.4106391821e+01 	  1.0000000000e-01 	 0.0000000000e+00 	1.0125330000e+05 	2.7250000000e+02 	1.7012431331e-33 	1.0967258418e-02 	9.8903274158e-01 	
40 	 8.9106391821e+01 	  1.0000000000e-01 	 0.0000000000e+00 	1.0125330000e+05 	2.7250000000e+02 	1.9166792829e-35 	8.3554390704e-03 	9.9164456093e-01 	
41 	 9.4106391821e+01 	  1.0000000000e-01 	 0.0000000000e+00 	1.0125330000e+05 	2.7250000000e+02 	2.1593970914e-37 	6.3656165836e-03 	9.9363438342e-01 	
42 	 9.9106391821e+01 	  1.0000000000e-01 	 0.0000000000e+00 	1.0125330000e+05 	2.7250000000e+02 	2.4328513592e-39 	4.8496642902e-03 	9.9515033571e-01 	
43 	 1.0000000000e+02 	  0.0000000000e+00 	 0.0000000000e+00 	1.0125330000e+05 	2.7250000000e+02 	1.0912611229e-39 	4.6195482151e-03 	9.9538045178e-01 	
