   0.0000000000000000          1.0000000000000000          1.0000000000000000          0.0000000000000000          0.0000000000000000          0.0000000000000000          0.0000000000000000     
   1.0000000000000000         0.40784261331975724         0.40784261121471527         0.57402827352319152         0.57402827555082603          1.8129113157051235E-002     1.8129113234458451E-002
   2.0000000000000000         0.16633559723948901         0.16633559552252267         0.77774836998040331         0.77774837151919229          5.5916032780107594E-002     5.5916032958284678E-002
   3.0000000000000000          6.7838744666255779E-002     6.7838743615885017E-002    0.83205023600138484         0.83205023681035462         0.10011101933235944         0.10011101957376020     
   4.0000000000000000          2.7667530909017503E-002     2.7667530338105342E-002    0.82693700102492862         0.82693700132538261         0.14539546806605386         0.14539546833651268     
   5.0000000000000000          1.1283998110038858E-002     1.1283997819105744E-002    0.79903508419818847         0.79903508421096792         0.18968091769177253         0.18968091796992667     
   6.0000000000000000          4.6020952778934475E-003     4.6020951355265002E-003    0.76320588007425938         0.76320587994220945         0.23219202464784716         0.23219202492226476     
   7.0000000000000000          1.8769305648825790E-003     1.8769304971982940E-003    0.72543812490646353         0.72543812470896341         0.27268494452865388         0.27268494479383903     
   8.0000000000000000          7.6549226660143884E-004     7.6549223510899195E-004    0.68810573877488679         0.68810573855275026         0.31112876895851183         0.31112876921214194     
   9.0000000000000000          3.1220036648679528E-004     3.1220035214943071E-004    0.65211199476798454         0.65211199454099333         0.34757580486552875         0.34757580510685876     
   10.000000000000000          1.2732861334736052E-004     1.2732860690040486E-004    0.61776381039581851         0.61776381017322890         0.38210886099083397         0.38210886121987203     
   11.000000000000000          5.1930034417968413E-005     5.1930031528094757E-005    0.58512813890937321         0.58512813869508429         0.41481993105620873         0.41481993127338890     
   12.000000000000000          2.1179280946809167E-005     2.1179279855745950E-005    0.55417714852719357         0.55417714832245613         0.44580167219185962         0.44580167239768920     
   13.000000000000000          8.6378132895799897E-006     8.6378128232474795E-006    0.52484726949508920         0.52484726930058523         0.47514409269162128         0.47514409288659271     
   14.000000000000000          3.5228683453904369E-006     3.5228681537388416E-006    0.49706312141956460         0.49706312123509833         0.50293335571208997         0.50293335589674981     
   15.000000000000000          1.4367758323654843E-006     1.4367757563979629E-006    0.47074712546452369         0.47074712528976592         0.52925143775964401         0.52925143793447915     
   16.000000000000000          5.8597841022660833E-007     5.8597840788103571E-007    0.44582328597609333         0.44582328581053726         0.55417612804549643         0.55417612821105589     
   17.000000000000000          2.3898696617577660E-007     2.3898697227721416E-007    0.42221860149227575         0.42221860133556660         0.57778115952075804         0.57778115967746235     
   18.000000000000000          9.7469068834489308E-008     9.7469049573538955E-008    0.39986351586655877         0.39986351571808387         0.60013638666437241         0.60013638681286752     
   19.000000000000000          3.9752039751301409E-008     3.9752013815240914E-008    0.37869198449286107         0.37869198435218548         0.62130797575509922         0.62130797589580111     
   20.000000000000000          1.6212575776961632E-008     1.6212559882648515E-008    0.35864138978757287         0.35864138965433040         0.64135859399985140         0.64135859413311025     
   21.000000000000000          6.6121792735206226E-009     6.6121708078570005E-009    0.33965240109725769         0.33965240097100990         0.66034759229056306         0.66034759241681973     
   22.000000000000000          2.6967284746513839E-009     2.6967235536650715E-009    0.32166881753315663         0.32166881741341991         0.67833117977011492         0.67833117988985669     
   23.000000000000000          1.0998407885156225E-009     1.0998382339994780E-009    0.30463740913880133         0.30463740902521413         0.69536258976135801         0.69536258987494715     
   24.000000000000000          4.4856194142387382E-010     4.4856089916061561E-010    0.28850776239365994         0.28850776228611430         0.71149223715777810         0.71149223726532429     
   25.000000000000000          1.8294267442609650E-010     1.8294216686180010E-010    0.27323213223549114         0.27323213213353159         0.72676786758156620         0.72676786768352519     
   26.000000000000000          7.4611818425644684E-011     7.4611596972174910E-011    0.25876530124007902         0.25876530114353147         0.74123469868530911         0.74123469878185566     
   27.000000000000000          3.0429879011254238E-011     3.0429767677419226E-011    0.24506444598063101         0.24506444588911788         0.75493555398893908         0.75493555408045099     
   28.000000000000000          1.2410601378953954E-011     1.2410551253864091E-011    0.23208901035034052         0.23208901026363346         0.76791098963724891         0.76791098972395422     
   29.000000000000000          5.0615720992623619E-012     5.0615529656814361E-012    0.21980058554617751         0.21980058546415068         0.78019941444876095         0.78019941453078623     
   30.000000000000000          2.0643247924695304E-012     2.0643150917571406E-012    0.20816279638843341         0.20816279631066492         0.79183720360950227         0.79183720368726962     
   31.000000000000000          8.4191961810153846E-013     8.4191459420633260E-013    0.19714119365166363         0.19714119357785556         0.80285880634749440         0.80285880642130092     
   32.000000000000000          3.4337069725170330E-013     3.4336843181304316E-013    0.18670315209326835         0.18670315202327489         0.81329684790638823         0.81329684797638024     
   33.000000000000000          1.4004120250456182E-013     1.4004008648820769E-013    0.17681777387988618         0.17681777381344801         0.82318222611997371         0.82318222618641013     
   34.000000000000000          5.7114770001901794E-014     5.7114229668712061E-014    0.16745579712655520         0.16745579706347383         0.83254420287338771         0.83254420293646758     
   35.000000000000000          2.3293837056732495E-014     2.3293579674447518E-014    0.15858950927824222         0.15858950921834297         0.84141049072173457         0.84141049078163244     
   36.000000000000000          9.5002193794624139E-015     9.5001051272736957E-015    0.15019266507747750         0.15019266502065592         0.84980733492251304         0.84980733497933336     
   37.000000000000000          3.8745942988309520E-015     3.8745436725050627E-015    0.14224040887532410         0.14224040882142586         0.85775959112467204         0.85775959117856904     
   38.000000000000000          1.5802246643890472E-015     1.5802031721961877E-015    0.13470920105573730         0.13470920100466169         0.86529079894426109         0.86529079899533512     
   39.000000000000000          6.4448295675676507E-016     6.4447414541286598E-016    0.12757674835552982         0.12757674830714319         0.87242325164446954         0.87242325169285384     
   40.000000000000000          2.6284761332372304E-016     2.6284371875607395E-016    0.12082193787368559         0.12082193782791045         0.87917806212631411         0.87917806217208705     
   41.000000000000000          1.0720045752280821E-016     1.0719868713418988E-016    0.11442477457468422         0.11442477453129758         0.88557522542531564         0.88557522546869960     
   42.000000000000000          4.3720914745175716E-017     4.3720147344580051E-017    0.10836632210083834         0.10836632205980248         0.89163367789916159         0.89163367794019455     
   43.000000000000000          1.7831252126402764E-017     1.7830947094667407E-017    0.10262864671844207         0.10262864667972889         0.89737135328155793         0.89737135332026752     
   44.000000000000000          7.2723444659955791E-018     7.2722071762939943E-018     9.7194764231804676E-002     9.7194764195091071E-002    0.90280523576819527         0.90280523580490490     
   45.000000000000000          2.9659719719731102E-018     2.9659166646951587E-018     9.2048589708028705E-002     9.2048589673365599E-002    0.90795141029197124         0.90795141032663040     
   46.000000000000000          1.2096497600826665E-018     1.2096264073560082E-018     8.7174889863711788E-002     8.7174889830914218E-002    0.91282511013628820         0.91282511016908185     
   47.000000000000000          4.9334671935373192E-019     4.9333692973732450E-019     8.2559237972631691E-002     8.2559237941620595E-002    0.91744076202736835         0.91744076205837521     
   48.000000000000000          2.0120781529395478E-019     2.0120353006859398E-019     7.8187971160935579E-002     7.8187971131691930E-002    0.92181202883906443         0.92181202886830449     
   49.000000000000000          8.2061121209845511E-020     8.2059337031507480E-020     7.4048149963422183E-002     7.4048149935810617E-002    0.92595185003657776         0.92595185006418601     
   50.000000000000000          3.3468022126172738E-020     3.3467256556821251E-020     7.0127520021199291E-002     7.0127519995082779E-002    0.92987247997880074         0.92987248000491407     
   51.000000000000000          1.3649685606581743E-020     1.3649366532712197E-020     6.6414475807336240E-002     6.6414475782647586E-002    0.93358552419266372         0.93358552421734953     
   52.000000000000000          5.5669234487813713E-021     5.5667954931804599E-021     6.2898026273135801E-002     6.2898026249862141E-002    0.93710197372686421         0.93710197375013526     
   53.000000000000000          2.2704286075020294E-021     2.2703699860157512E-021     5.9567762313334077E-002     5.9567762291273509E-002    0.94043223768666595         0.94043223770872353     
   54.000000000000000          9.2597753663957121E-022     9.2595245511404702E-022     5.6413825953921484E-002     5.6413825933119062E-002    0.94358617404607847         0.94358617406687728     
   55.000000000000000          3.7765309841847384E-022     3.7764266986461963E-022     5.3426881171377276E-002     5.3426881151730291E-002    0.94657311882862272         0.94657311884826689     
   56.000000000000000          1.5402302658729380E-022     1.5401858664416929E-022     5.0598086256939068E-002     5.0598086238417286E-002    0.94940191374306093         0.94940191376158045     
   57.000000000000000          6.2817153674780324E-023     6.2815251825494191E-023     4.7919067644102357E-002     4.7919067626629938E-002    0.95208093235589764         0.95208093237336788     
   58.000000000000000          2.5619512116031190E-023     2.5618748344047091E-023     4.5381895121876271E-002     4.5381895105447115E-002    0.95461810487812371         0.95461810489455112     
   59.000000000000000          1.0448728773379340E-023     1.0448400858325912E-023     4.2979058360423907E-002     4.2979058344955967E-002    0.95702094163957607         0.95702094165504215     
   60.000000000000000          4.2614368488043703E-024     4.2612964331700969E-024     4.0703444679600555E-002     4.0703444665001171E-002    0.95929655532039948         0.95929655533499658     
   61.000000000000000          1.7379955409134849E-024     1.7379331178043525E-024     3.8548317994581624E-002     3.8548317980720420E-002    0.96145168200541842         0.96145168201927778     
   62.000000000000000          7.0882864334424042E-025     7.0880180174288256E-025     3.6507298876257366E-002     3.6507298863127390E-002    0.96349270112374263         0.96349270113687047     
   63.000000000000000          2.8909052629741304E-025     2.8907877502755903E-025     3.4574345667370478E-002     3.4574345654953396E-002    0.96542565433262950         0.96542565434504479     
   64.000000000000000          1.1790343573112090E-025     1.1789832348382400E-025     3.2743736598498177E-002     3.2743736586744260E-002    0.96725626340150184         0.96725626341325421     
   65.000000000000000          4.8086045347958368E-026     4.8083961801277379E-026     3.1010052850940058E-002     3.1010052839816296E-002    0.96898994714905995         0.96898994716018194     
   66.000000000000000          1.9611538398923690E-026     1.9610692150458734E-026     2.9368162516375772E-002     2.9368162505885174E-002    0.97063183748362425         0.97063183749411219     
   67.000000000000000          7.9984210718378020E-027     7.9980353739183553E-027     2.7813205405811257E-002     2.7813205395893190E-002    0.97218679459418877         0.97218679460410451     
   68.000000000000000          3.2620969523701413E-027     3.2619396359783017E-027     2.6340578662846247E-002     2.6340578653491955E-002    0.97365942133715377         0.97365942134650563     
   69.000000000000000          1.3304221459570536E-027     1.3303546445082655E-027     2.4945923138676558E-002     2.4945923129964735E-002    0.97505407686132339         0.97505407687003298     
   70.000000000000000          5.4260284482560404E-028     5.4257453879707807E-028     2.3625110488499620E-002     2.3625110480224660E-002    0.97637488951150042         0.97637488951977347     
   71.000000000000000          2.2129656222840899E-028     2.2128402565664374E-028     2.2374230951127116E-002     2.2374230943315487E-002    0.97762576904887288         0.97762576905668230     
   72.000000000000000          9.0254168257913210E-029     9.0249215651284788E-029     2.1189581775630753E-002     2.1189581768339981E-002    0.97881041822436921         0.97881041823165738     
   73.000000000000000          3.6809495845308127E-029     3.6807500734890429E-029     2.0067656260762980E-002     2.0067656253984201E-002    0.97993234373923699         0.97993234374601379     
   74.000000000000000          1.5012480980533315E-029     1.5011580453066011E-029     1.9005133374707783E-002     1.9005133368296262E-002    0.98099486662529223         0.98099486663170221     
   75.000000000000000          6.1227294755138127E-030     6.1223449403803332E-030     1.7998867924434867E-002     1.7998867918424737E-002    0.98200113207556516         0.98200113208157291     
   76.000000000000000          2.4971099899434768E-030     2.4969386002232597E-030     1.7045881245557500E-002     1.7045881239887747E-002    0.98295411875444250         0.98295411876011052     
   77.000000000000000          1.0184278640454127E-030     1.0183594018611330E-030     1.6143352385134650E-002     1.6143352379857957E-002    0.98385664761486535         0.98385664762014002     
   78.000000000000000          4.1535828154994231E-031     4.1532914016120225E-031     1.5288609751317610E-002     1.5288609746382900E-002    0.98471139024868237         0.98471139025361498     
   79.000000000000000          1.6940080701133071E-031     1.6938762601134767E-031     1.4479123205123203E-002     1.4479123200443573E-002    0.98552087679487677         0.98552087679955447     
   80.000000000000000          6.9088867829977436E-032     6.9083524475996571E-032     1.3712496570923938E-002     1.3712496566590680E-002    0.98628750342907612         0.98628750343340710     
   81.000000000000000          2.8177384407081094E-032     2.8175126272527160E-032     1.2986460543485718E-002     1.2986460539443216E-002    0.98701353945651427         0.98701353946055326     
   82.000000000000000          1.1491938093099407E-032     1.1491006867805880E-032     1.2298865970556653E-002     1.2298865966827725E-002    0.98770113402944337         0.98770113403316828     
   83.000000000000000          4.6869020639984952E-033     4.6864941503731196E-033     1.1647677491123080E-002     1.1647677487527036E-002    0.98835232250887695         0.98835232251246852     
   84.000000000000000          1.9115183861549233E-033     1.9113496754641133E-033     1.1030967510500863E-002     1.1030967507037246E-002    0.98896903248949919         0.98896903249295887     
   85.000000000000000          7.7959865401818296E-034     7.7952789705262827E-034     1.0446910494427933E-002     1.0446910491152667E-002    0.98955308950557208         0.98955308950884391     
   86.000000000000000          3.1795355239534312E-034     3.1792321157473717E-034     9.8937775652675232E-003     9.8937775621859465E-003    0.99010622243473245         0.99010622243781055     
   87.000000000000000          1.2967500772321796E-034     1.2966231427136131E-034     9.3699313843265773E-003     9.3699313814117301E-003    0.99063006861567338         0.99063006861858516     
   88.000000000000000          5.2886994032096516E-035     5.2881481320822125E-035     8.8738213051401133E-003     8.8738213023575232E-003    0.99112617869485986         0.99112617869763942     
   89.000000000000000          2.1569569856676796E-035     2.1567231186903941E-035     8.4039787833748332E-003     8.4039787807812134E-003    0.99159602121662516         0.99159602121921486     
   90.000000000000000          8.7969897385300598E-036     8.7959722566343803E-036     7.9590130297647714E-003     7.9590130273541979E-003    0.99204098697023524         0.99204098697264209     
   91.000000000000000          3.5877872843092115E-036     3.5873491467075362E-036     7.5376068932110265E-003     7.5376068908936979E-003    0.99246239310678896         0.99246239310910289     
   92.000000000000000          1.4632525420680527E-036     1.4630632096016799E-036     7.1385129618592429E-003     7.1385129596575449E-003    0.99286148703814081         0.99286148704033916     
   93.000000000000000          5.9677674070381662E-037     5.9669494565881700E-037     6.7605498706133872E-003     6.7605498684882035E-003    0.99323945012938664         0.99323945013150794     
   94.000000000000000          2.4339098549708989E-037     2.4335685529225611E-037     6.4025988041558086E-003     6.4025988021466761E-003    0.99359740119584417         0.99359740119784978     
   95.000000000000000          9.9265215583604951E-038     9.9250373453865378E-038     6.0636001851219262E-003     6.0636001831657358E-003    0.99393639981487802         0.99393639981683102     
   96.000000000000000          4.0484584935366226E-038     4.0477236028645124E-038     5.7425505376263392E-003     5.7425505358574339E-003    0.99425744946237371         0.99425744946413908     
   97.000000000000000          1.6511338919205549E-038     1.6507915517149987E-038     5.4384995168558319E-003     5.4384995152788294E-003    0.99456150048314418         0.99456150048471725     
   98.000000000000000          6.7340276142169566E-039     6.7326021038895323E-039     5.1505470959367066E-003     5.1505470944462972E-003    0.99484945290406335         0.99484945290554949     
   99.000000000000000          2.7464234203496720E-039     2.7458080923527529E-039     4.8778409017490943E-003     4.8778409003237830E-003    0.99512215909825086         0.99512215909967161     
   100.00000000000000          1.1201085050379879E-039     1.1198578166988092E-039     4.6195736918019994E-003     4.6195736905284019E-003    0.99538042630819801         0.99538042630946655     
